1 0.34989858012170383 0.4471428571428571 0.35294117647058826 0.4514285714285714 0.34989858012170383 0.5171428571428571 0.3509127789046653 0.5257142857142857 0.3539553752535497 0.53 0.3539553752535497 0.5385714285714286 0.3488843813387424 0.5457142857142857 0.34787018255578095 0.5828571428571429 0.3448275862068966 0.5885714285714285 0.32961460446247465 0.5842857142857143 0.31947261663286003 0.5842857142857143 0.3103448275862069 0.5885714285714285 0.30425963488843816 0.5871428571428572 0.3012170385395537 0.5771428571428572 0.3012170385395537 0.5685714285714286 0.3052738336713996 0.5528571428571428 0.3052738336713996 0.5414285714285715 0.30324543610547666 0.5371428571428571 0.3002028397565923 0.54 0.29918864097363085 0.5385714285714286 0.29918864097363085 0.5285714285714286 0.30324543610547666 0.5285714285714286 0.30628803245436104 0.5228571428571429 0.30831643002028397 0.47714285714285715 0.31643002028397565 0.4542857142857143 0.32150101419878296 0.44857142857142857 0.3367139959432049 0.44857142857142857 0.3407707910750507 0.44571428571428573 0.3488843813387424 0.4471428571428571
0 0.5010141987829615 0.4857142857142857 0.5081135902636917 0.49857142857142855 0.5081135902636917 0.5128571428571429 0.48782961460446245 0.5128571428571429 0.4827586206896552 0.5057142857142857 0.4827586206896552 0.49 0.48580121703853957 0.4857142857142857 0.5 0.4857142857142857
0 0.5709939148073022 0.45571428571428574 0.5679513184584178 0.45 0.5679513184584178 0.4442857142857143 0.5699797160243407 0.44142857142857145 0.5750507099391481 0.44142857142857145 0.5801217038539553 0.44571428571428573 0.579107505070994 0.4514285714285714 0.5720081135902637 0.4542857142857143
0 0.3240365111561866 0.44357142857142856 0.017241379310344827 0.02142857142857143
0 0.5182555780933062 0.42142857142857143 0.008113590263691683 0.011428571428571429
0 0.5699797160243407 0.46 0.5730223123732252 0.47 0.5699797160243407 0.4757142857142857 0.563894523326572 0.4742857142857143 0.5588235294117647 0.4657142857142857 0.5588235294117647 0.4614285714285714 0.5628803245436106 0.4585714285714286 0.5689655172413793 0.46
0 0.8113590263691683 0.5271428571428571 0.8174442190669371 0.53 0.821501014198783 0.5371428571428571 0.8225152129817445 0.5485714285714286 0.8204868154158215 0.5542857142857143 0.7981744421906694 0.5542857142857143 0.7931034482758621 0.55 0.7799188640973631 0.5485714285714286 0.7778904665314401 0.5457142857142857 0.7778904665314401 0.5357142857142857 0.7880324543610547 0.5257142857142857 0.8103448275862069 0.5271428571428571
0 0.4634888438133874 0.45285714285714285 0.4665314401622718 0.45571428571428574 0.4685598377281947 0.46285714285714286 0.46754563894523327 0.47285714285714286 0.4553752535496957 0.47285714285714286 0.45233265720081134 0.47 0.45334685598377283 0.4542857142857143 0.46247464503042596 0.45285714285714285
0 0.486815415821501 0.6085714285714285 0.49391480730223125 0.6171428571428571 0.49797160243407707 0.6271428571428571 0.5060851926977687 0.6357142857142857 0.5040567951318459 0.6442857142857142 0.5081135902636917 0.6628571428571428 0.5081135902636917 0.6757142857142857 0.5050709939148073 0.6857142857142857 0.48782961460446245 0.6757142857142857 0.4787018255578093 0.6757142857142857 0.46754563894523327 0.6828571428571428 0.46247464503042596 0.6828571428571428 0.4614604462474645 0.6671428571428571 0.45334685598377283 0.6571428571428571 0.45334685598377283 0.6285714285714286 0.4563894523326572 0.6171428571428571 0.46247464503042596 0.6085714285714285 0.48580121703853957 0.6085714285714285
0 0.44421906693711966 0.44357142857142856 0.014198782961460446 0.018571428571428572
0 0.40365111561866124 0.43857142857142856 0.4066937119675456 0.44571428571428573 0.4066937119675456 0.4542857142857143 0.40466531440162273 0.45714285714285713 0.3924949290060852 0.4542857142857143 0.3935091277890467 0.44142857142857145 0.39553752535496955 0.43857142857142856 0.4026369168356998 0.43857142857142856
0 0.592292089249493 0.4542857142857143 0.012170385395537525 0.017142857142857144
0 0.6156186612576064 0.4742857142857143 0.6196754563894523 0.48 0.6196754563894523 0.48714285714285716 0.6115618661257607 0.48428571428571426 0.6064908722109533 0.48857142857142855 0.6014198782961461 0.48714285714285716 0.6004056795131846 0.4785714285714286 0.6064908722109533 0.47285714285714286 0.6146044624746451 0.4742857142857143
0 0.5065922920892495 0.43357142857142855 0.011156186612576065 0.012857142857142857
0 0.6125760649087221 0.5085714285714286 0.6024340770791075 0.5 0.6024340770791075 0.4928571428571429 0.6085192697768763 0.48714285714285716 0.6196754563894523 0.48714285714285716 0.6247464503042597 0.4957142857142857 0.6247464503042597 0.5 0.6196754563894523 0.5057142857142857 0.6135902636916836 0.5071428571428571
0 0.3935091277890467 0.4185714285714286 0.39858012170385393 0.41714285714285715 0.40162271805273836 0.42 0.40162271805273836 0.42857142857142855 0.3935091277890467 0.42857142857142855 0.3935091277890467 0.42
0 0.8671399594320487 0.5857142857142857 0.8874239350912779 0.59 0.9006085192697769 0.6014285714285714 0.9066937119675457 0.6128571428571429 0.9056795131845842 0.62 0.9006085192697769 0.6257142857142857 0.8722109533468559 0.6228571428571429 0.8661257606490872 0.6157142857142858 0.8448275862068966 0.6085714285714285 0.8417849898580122 0.6028571428571429 0.8417849898580122 0.5957142857142858 0.8438133874239351 0.5914285714285714 0.8509127789046653 0.5914285714285714 0.8569979716024341 0.5871428571428572 0.8661257606490872 0.5857142857142857
0 0.4462474645030426 0.5071428571428571 0.45030425963488846 0.4942857142857143 0.4645030425963489 0.4942857142857143 0.47058823529411764 0.5085714285714286 0.4716024340770791 0.5142857142857142 0.4695740365111562 0.52 0.4513184584178499 0.5185714285714286 0.44726166328600403 0.5142857142857142 0.44726166328600403 0.5085714285714286
0 0.5537525354969574 0.42857142857142855 0.5588235294117647 0.43142857142857144 0.5598377281947262 0.43857142857142856 0.5578093306288032 0.44142857142857145 0.5517241379310345 0.44 0.5476673427991886 0.43142857142857144 0.552738336713996 0.43
0 0.5598377281947262 0.4685714285714286 0.563894523326572 0.4785714285714286 0.5628803245436106 0.4857142857142857 0.5476673427991886 0.48428571428571426 0.5446247464503042 0.48 0.5446247464503042 0.4742857142857143 0.5476673427991886 0.47 0.5588235294117647 0.4685714285714286
0 0.37018255578093306 0.48 0.3843813387423935 0.48 0.38742393509127787 0.48714285714285716 0.38742393509127787 0.5014285714285714 0.385395537525355 0.5042857142857143 0.36815415821501013 0.5028571428571429 0.3671399594320487 0.48857142857142855 0.37018255578093306 0.48142857142857143
0 0.4716024340770791 0.42 0.4726166328600406 0.42857142857142855 0.46551724137931033 0.42857142857142855 0.46551724137931033 0.42 0.47058823529411764 0.42
0 0.4249492900608519 0.5257142857142857 0.4290060851926978 0.5285714285714286 0.43509127789046653 0.5442857142857143 0.43509127789046653 0.5642857142857143 0.4259634888438134 0.5614285714285714 0.41379310344827586 0.5614285714285714 0.40973630831643004 0.5642857142857143 0.40466531440162273 0.5628571428571428 0.40365111561866124 0.5385714285714286 0.4056795131845842 0.53 0.4107505070993915 0.5257142857142857 0.4239350912778905 0.5257142857142857
0 0.4776876267748479 0.4442857142857143 0.4766734279918864 0.43714285714285717 0.47971602434077076 0.4328571428571429 0.486815415821501 0.4328571428571429 0.48884381338742394 0.44571428571428573 0.4787018255578093 0.4442857142857143
0 0.3620689655172414 0.41 0.372210953346856 0.4085714285714286 0.3752535496957404 0.4114285714285714 0.37322515212981744 0.41714285714285715 0.3630831643002028 0.41714285714285715 0.3620689655172414 0.4114285714285714
0 0.5466531440162272 0.42714285714285716 0.5476673427991886 0.4328571428571429 0.5436105476673428 0.4357142857142857 0.5365111561866126 0.43142857142857144 0.539553752535497 0.4257142857142857 0.5456389452332657 0.42714285714285716
0 0.4178498985801217 0.42428571428571427 0.4208924949290061 0.42857142857142855 0.4208924949290061 0.4357142857142857 0.41886409736308317 0.43714285714285717 0.40973630831643004 0.4357142857142857 0.4107505070993915 0.4257142857142857 0.41683569979716023 0.42428571428571427
0 0.4244421906693712 0.44785714285714284 0.015212981744421906 0.018571428571428572
0 0.5086206896551724 0.44642857142857145 0.013184584178498986 0.015714285714285715
0 0.5567951318458418 0.4471428571428571 0.5567951318458418 0.45714285714285713 0.5486815415821501 0.45714285714285713 0.5446247464503042 0.45285714285714285 0.5446247464503042 0.44857142857142857 0.5486815415821501 0.4442857142857143 0.5537525354969574 0.4442857142857143 0.5557809330628803 0.4471428571428571
0 0.33874239350912777 0.4042857142857143 0.3448275862068966 0.40285714285714286 0.34685598377281945 0.4057142857142857 0.3448275862068966 0.41 0.33874239350912777 0.41 0.33874239350912777 0.4057142857142857
0 0.9989858012170385 0.75 0.9989858012170385 0.7928571428571428 0.9949290060851927 0.79 0.986815415821501 0.7685714285714286 0.986815415821501 0.75 0.9979716024340771 0.75
0 0.49594320486815413 0.42428571428571427 0.010141987829614604 0.011428571428571429
0 0.8914807302231237 0.5357142857142857 0.8975659229208925 0.54 0.8995943204868154 0.5514285714285714 0.8985801217038539 0.5628571428571428 0.896551724137931 0.5685714285714286 0.8935091277890467 0.57 0.8874239350912779 0.5671428571428572 0.8742393509127789 0.5685714285714286 0.8640973630831643 0.5614285714285714 0.8509127789046653 0.56 0.847870182555781 0.5571428571428572 0.8488843813387424 0.5428571428571428 0.8580121703853956 0.5357142857142857 0.8904665314401623 0.5357142857142857
0 0.7829614604462475 0.5642857142857143 0.8022312373225152 0.57 0.8062880324543611 0.5742857142857143 0.8093306288032455 0.5814285714285714 0.8103448275862069 0.5942857142857143 0.8042596348884381 0.6028571428571429 0.8002028397565923 0.6 0.7829614604462475 0.6014285714285714 0.7799188640973631 0.6 0.7748478701825557 0.5914285714285714 0.7586206896551724 0.5885714285714285 0.7565922920892495 0.5814285714285714 0.757606490872211 0.57 0.7758620689655172 0.5628571428571428 0.781947261663286 0.5642857142857143
0 0.5780933062880325 0.4957142857142857 0.5851926977687627 0.5 0.5933062880324543 0.5 0.5973630831643002 0.5042857142857143 0.5993914807302231 0.5157142857142857 0.5983772819472617 0.5228571428571429 0.5953346855983773 0.5271428571428571 0.579107505070994 0.5257142857142857 0.565922920892495 0.5171428571428571 0.565922920892495 0.5042857142857143 0.5720081135902637 0.49714285714285716 0.577079107505071 0.4957142857142857
0 0.6815415821501014 0.56 0.6896551724137931 0.5628571428571428 0.7008113590263692 0.5771428571428572 0.7018255578093306 0.5885714285714285 0.6977687626774848 0.5957142857142858 0.6744421906693712 0.5928571428571429 0.6561866125760649 0.5785714285714286 0.6551724137931034 0.5685714285714286 0.6572008113590264 0.5642857142857143 0.6805273833671399 0.56
0 0.43610547667342797 0.41285714285714287 0.43914807302231235 0.4157142857142857 0.43914807302231235 0.42 0.43204868154158216 0.42 0.43204868154158216 0.4142857142857143 0.43509127789046653 0.41285714285714287
0 0.563894523326572 0.4342857142857143 0.5669371196754563 0.4357142857142857 0.5689655172413793 0.44285714285714284 0.563894523326572 0.4471428571428571 0.5598377281947262 0.43857142857142856 0.5628803245436106 0.4357142857142857
0 0.526369168356998 0.4442857142857143 0.5294117647058824 0.4471428571428571 0.5273833671399595 0.46285714285714286 0.5172413793103449 0.4614285714285714 0.5182555780933062 0.4514285714285714 0.5253549695740365 0.4442857142857143
0 0.6267748478701826 0.5828571428571429 0.6359026369168357 0.59 0.6430020283975659 0.6 0.654158215010142 0.6228571428571429 0.6551724137931034 0.64 0.654158215010142 0.6428571428571429 0.6318458417849898 0.64 0.6217038539553753 0.6428571428571429 0.6176470588235294 0.6471428571428571 0.6125760649087221 0.6457142857142857 0.6085192697768763 0.63 0.6044624746450304 0.6271428571428571 0.5953346855983773 0.6271428571428571 0.5933062880324543 0.62 0.5933062880324543 0.6028571428571429 0.5963488843813387 0.5885714285714285 0.6014198782961461 0.5814285714285714 0.6095334685598377 0.58 0.6257606490872211 0.5828571428571429
0 0.5365111561866126 0.43 0.539553752535497 0.42857142857142855 0.5425963488843814 0.4328571428571429 0.5425963488843814 0.43857142857142856 0.5385395537525355 0.44 0.5354969574036511 0.43714285714285717 0.5365111561866126 0.43142857142857144
0 0.6379310344827587 0.5014285714285714 0.6430020283975659 0.5057142857142857 0.6450304259634888 0.52 0.6430020283975659 0.53 0.6227180527383367 0.53 0.6196754563894523 0.5242857142857142 0.6135902636916836 0.5242857142857142 0.6115618661257607 0.5214285714285715 0.6135902636916836 0.5085714285714286 0.6247464503042597 0.5 0.6369168356997972 0.5014285714285714
0 0.5212981744421906 0.4328571428571429 0.5283975659229209 0.4328571428571429 0.5273833671399595 0.44142857142857145 0.5212981744421906 0.44142857142857145 0.5212981744421906 0.4342857142857143
0 0.6612576064908722 0.4757142857142857 0.6683569979716024 0.4714285714285714 0.6774847870182555 0.4714285714285714 0.6825557809330629 0.4757142857142857 0.6825557809330629 0.48714285714285716 0.6805273833671399 0.49 0.6632860040567952 0.48714285714285716 0.6612576064908722 0.4857142857142857 0.6612576064908722 0.47714285714285715
0 0.5780933062880325 0.4514285714285714 0.5831643002028397 0.46285714285714286 0.5821501014198783 0.4714285714285714 0.5740365111561866 0.4714285714285714 0.5720081135902637 0.46714285714285714 0.5709939148073022 0.45714285714285713 0.5730223123732252 0.45285714285714285 0.577079107505071 0.4514285714285714
0 0.6886409736308317 0.5028571428571429 0.6926977687626775 0.5042857142857143 0.6957403651115619 0.51 0.6947261663286004 0.5271428571428571 0.6825557809330629 0.5271428571428571 0.6673427991886409 0.5214285714285715 0.6663286004056795 0.5185714285714286 0.665314401622718 0.5085714285714286 0.6683569979716024 0.5042857142857143 0.6734279918864098 0.5014285714285714 0.6876267748478702 0.5028571428571429