0 0.6754557291666666 0.5915798611111112 0.6858723958333334 0.5950520833333334 0.6881510416666666 0.6006944444444444 0.6761067708333334 0.6102430555555556 0.673828125 0.6189236111111112 0.6751302083333334 0.6245659722222222 0.671875 0.6245659722222222 0.6630859375 0.6163194444444444 0.6458333333333334 0.6124131944444444 0.6474609375 0.6080729166666666 0.6516927083333334 0.609375 0.6585286458333334 0.6059027777777778 0.6624348958333334 0.59375 0.6751302083333334 0.5915798611111112
0 0.478515625 0.6115451388888888 0.4905598958333333 0.6158854166666666 0.4986979166666667 0.63671875 0.5003255208333334 0.6514756944444444 0.4986979166666667 0.6736111111111112 0.4951171875 0.6779513888888888 0.4908854166666667 0.6775173611111112 0.4876302083333333 0.6731770833333334 0.48046875 0.6701388888888888 0.4794921875 0.6458333333333334 0.4720052083333333 0.6128472222222222 0.4781901041666667 0.6115451388888888
0 0.1748046875 0.5928819444444444 0.19368489583333334 0.5954861111111112 0.17936197916666666 0.6401909722222222 0.17513020833333334 0.6458333333333334 0.13834635416666666 0.6449652777777778 0.13606770833333334 0.6375868055555556 0.13671875 0.6219618055555556 0.142578125 0.6019965277777778 0.146484375 0.5963541666666666 0.15104166666666666 0.59375 0.17447916666666666 0.5928819444444444
0 0.7766927083333334 0.6111111111111112 0.798828125 0.6111111111111112 0.8141276041666666 0.6141493055555556 0.8232421875 0.6267361111111112 0.8385416666666666 0.6579861111111112 0.8430989583333334 0.6979166666666666 0.8382161458333334 0.7378472222222222 0.8349609375 0.7430555555555556 0.8317057291666666 0.7434895833333334 0.82421875 0.7417534722222222 0.8206380208333334 0.7287326388888888 0.8147786458333334 0.7239583333333334 0.8108723958333334 0.7269965277777778 0.8079427083333334 0.7374131944444444 0.8050130208333334 0.7391493055555556 0.7981770833333334 0.7374131944444444 0.7932942708333334 0.7252604166666666 0.767578125 0.72265625 0.7444661458333334 0.7230902777777778 0.740234375 0.7278645833333334 0.73828125 0.7378472222222222 0.7311197916666666 0.7408854166666666 0.7252604166666666 0.7374131944444444 0.720703125 0.7191840277777778 0.7164713541666666 0.7209201388888888 0.7141927083333334 0.7309027777777778 0.7102864583333334 0.734375 0.7018229166666666 0.7309027777777778 0.7014973958333334 0.6714409722222222 0.7262369791666666 0.6219618055555556 0.7373046875 0.6124131944444444 0.7763671875 0.6111111111111112
0 0.04296875 0.6115451388888888 0.051432291666666664 0.6141493055555556 0.0556640625 0.6202256944444444 0.059244791666666664 0.6328125 0.056966145833333336 0.6536458333333334 0.0439453125 0.6575520833333334 0.024088541666666668 0.6545138888888888 0.018880208333333332 0.6597222222222222 0.011393229166666666 0.6566840277777778 0.005533854166666667 0.6614583333333334 0.0026041666666666665 0.6588541666666666 0.001953125 0.6384548611111112 0.0032552083333333335 0.6328125 0.010091145833333334 0.6232638888888888 0.021484375 0.6124131944444444 0.042643229166666664 0.6115451388888888
0 0.4251302083333333 0.6050347222222222 0.4319661458333333 0.6059027777777778 0.4352213541666667 0.609375 0.4348958333333333 0.6197916666666666 0.4293619791666667 0.6236979166666666 0.4186197916666667 0.6228298611111112 0.4176432291666667 0.6059027777777778 0.4248046875 0.60546875
0 0.5953776041666666 0.6106770833333334 0.5989583333333334 0.6128472222222222 0.5888671875 0.6228298611111112 0.5807291666666666 0.6436631944444444 0.5771484375 0.6644965277777778 0.5745442708333334 0.6662326388888888 0.5716145833333334 0.6644965277777778 0.5699869791666666 0.6493055555555556 0.5768229166666666 0.6197916666666666 0.5817057291666666 0.6137152777777778 0.5950520833333334 0.6106770833333334
0 0.5992838541666666 0.6124131944444444 0.6090494791666666 0.6150173611111112 0.6139322916666666 0.6197916666666666 0.609375 0.6258680555555556 0.6002604166666666 0.6501736111111112 0.595703125 0.6749131944444444 0.591796875 0.6770833333333334 0.5885416666666666 0.6840277777777778 0.5777994791666666 0.6818576388888888 0.5771484375 0.66015625 0.587890625 0.6223958333333334 0.5930989583333334 0.6150173611111112 0.5989583333333334 0.6124131944444444
0 0.2571614583333333 0.5798611111111112 0.3011067708333333 0.5798611111111112 0.341796875 0.5850694444444444 0.3522135416666667 0.5881076388888888 0.359375 0.5972222222222222 0.3675130208333333 0.6154513888888888 0.3785807291666667 0.6540798611111112 0.3912760416666667 0.66796875 0.3938802083333333 0.6848958333333334 0.3958333333333333 0.7065972222222222 0.3938802083333333 0.7426215277777778 0.3938802083333333 0.8151041666666666 0.392578125 0.8246527777777778 0.3870442708333333 0.8307291666666666 0.3684895833333333 0.8276909722222222 0.3580729166666667 0.8094618055555556 0.3525390625 0.8038194444444444 0.3291015625 0.7973090277777778 0.29296875 0.7938368055555556 0.2766927083333333 0.7960069444444444 0.2623697916666667 0.7938368055555556 0.22265625 0.7955729166666666 0.203125 0.8042534722222222 0.18912760416666666 0.8055555555555556 0.18684895833333334 0.8207465277777778 0.1826171875 0.8250868055555556 0.1669921875 0.8259548611111112 0.15983072916666666 0.8216145833333334 0.15852864583333334 0.8159722222222222 0.16015625 0.7578125 0.15885416666666666 0.7131076388888888 0.16471354166666666 0.6631944444444444 0.1787109375 0.6480034722222222 0.1904296875 0.6089409722222222 0.20345052083333334 0.5855034722222222 0.21842447916666666 0.5807291666666666 0.2568359375 0.5798611111111112
0 0.4134114583333333 0.6028645833333334 0.4166666666666667 0.6059027777777778 0.4182942708333333 0.6119791666666666 0.4182942708333333 0.6215277777777778 0.4046223958333333 0.6267361111111112 0.4010416666666667 0.6241319444444444 0.3987630208333333 0.6158854166666666 0.3909505208333333 0.6059027777777778 0.3912760416666667 0.6028645833333334 0.3977864583333333 0.6011284722222222 0.4130859375 0.6028645833333334
0 0.4944661458333333 0.5885416666666666 0.5045572916666666 0.5950520833333334 0.5087890625 0.6076388888888888 0.5091145833333334 0.6519097222222222 0.5055338541666666 0.6549479166666666 0.4996744791666667 0.6514756944444444 0.5 0.6440972222222222 0.4921875 0.6189236111111112 0.4856770833333333 0.6128472222222222 0.470703125 0.6102430555555556 0.4632161458333333 0.5959201388888888 0.46484375 0.5911458333333334 0.4703776041666667 0.5885416666666666 0.494140625 0.5885416666666666
0 0.7220052083333334 0.5959201388888888 0.7291666666666666 0.6019965277777778 0.7311197916666666 0.6115451388888888 0.7249348958333334 0.6197916666666666 0.7177734375 0.6236979166666666 0.7099609375 0.6232638888888888 0.7073567708333334 0.6197916666666666 0.7080078125 0.6024305555555556 0.7106119791666666 0.5967881944444444 0.7216796875 0.5959201388888888
0 0.3815104166666667 0.6059027777777778 0.3935546875 0.6076388888888888 0.404296875 0.6297743055555556 0.4049479166666667 0.6584201388888888 0.4039713541666667 0.6610243055555556 0.3955078125 0.6649305555555556 0.3795572916666667 0.6536458333333334 0.3662109375 0.6098090277777778 0.3694661458333333 0.6067708333333334 0.3811848958333333 0.6059027777777778
0 0.6305338541666666 0.5972222222222222 0.6383463541666666 0.6006944444444444 0.6416015625 0.6124131944444444 0.6165364583333334 0.6154513888888888 0.6083984375 0.6124131944444444 0.6123046875 0.6028645833333334 0.6188151041666666 0.5972222222222222 0.6302083333333334 0.5972222222222222
0 0.6617838541666666 0.5920138888888888 0.6640625 0.5954861111111112 0.6588541666666666 0.6124131944444444 0.6555989583333334 0.6141493055555556 0.6455078125 0.6124131944444444 0.6455078125 0.5985243055555556 0.650390625 0.5928819444444444 0.6614583333333334 0.5920138888888888
0 0.7796223958333334 0.5980902777777778 0.7809244791666666 0.6059027777777778 0.7766927083333334 0.609375 0.7649739583333334 0.6089409722222222 0.763671875 0.5993923611111112 0.7698567708333334 0.5963541666666666 0.779296875 0.5980902777777778
0 0.5559895833333334 0.6067708333333334 0.5621744791666666 0.6150173611111112 0.5592447916666666 0.6371527777777778 0.5416666666666666 0.6380208333333334 0.5348307291666666 0.6414930555555556 0.5302734375 0.640625 0.5289713541666666 0.6341145833333334 0.529296875 0.6219618055555556 0.5328776041666666 0.6141493055555556 0.5387369791666666 0.6072048611111112 0.5556640625 0.6067708333333334
0 0.5361328125 0.60546875 0.5374348958333334 0.6089409722222222 0.5309244791666666 0.6171875 0.5289713541666666 0.6310763888888888 0.5266927083333334 0.6336805555555556 0.5221354166666666 0.6315104166666666 0.5231119791666666 0.6128472222222222 0.529296875 0.6063368055555556 0.5358072916666666 0.60546875
0 0.484375 0.6115451388888888 0.4915364583333333 0.6163194444444444 0.5009765625 0.6414930555555556 0.5016276041666666 0.6514756944444444 0.4996744791666667 0.6566840277777778 0.4990234375 0.6731770833333334 0.4954427083333333 0.6783854166666666 0.4899088541666667 0.6775173611111112 0.4876302083333333 0.6740451388888888 0.4807942708333333 0.6753472222222222 0.4798177083333333 0.671875 0.4791666666666667 0.6453993055555556 0.4723307291666667 0.6124131944444444 0.4840494791666667 0.6115451388888888
0 0.5843098958333334 0.6037326388888888 0.5927734375 0.6046006944444444 0.5963541666666666 0.6098090277777778 0.5846354166666666 0.6115451388888888 0.5787760416666666 0.6167534722222222 0.5712890625 0.6436631944444444 0.5651041666666666 0.6549479166666666 0.5611979166666666 0.6540798611111112 0.5598958333333334 0.6506076388888888 0.5598958333333334 0.6319444444444444 0.5625 0.6167534722222222 0.5709635416666666 0.6046006944444444 0.583984375 0.6037326388888888
0 0.6350911458333334 0.6141493055555556 0.66015625 0.6163194444444444 0.6682942708333334 0.6228298611111112 0.6728515625 0.6397569444444444 0.6790364583333334 0.6510416666666666 0.6800130208333334 0.6584201388888888 0.6800130208333334 0.6970486111111112 0.6770833333333334 0.7026909722222222 0.6647135416666666 0.7009548611111112 0.6611328125 0.69140625 0.6477864583333334 0.6931423611111112 0.619140625 0.69140625 0.6129557291666666 0.6935763888888888 0.609375 0.7000868055555556 0.6057942708333334 0.7018229166666666 0.5970052083333334 0.6961805555555556 0.5986328125 0.6575520833333334 0.6123046875 0.6193576388888888 0.6201171875 0.6150173611111112 0.634765625 0.6141493055555556
0 0.5751953125 0.5941840277777778 0.5774739583333334 0.5963541666666666 0.5771484375 0.6015625 0.5686848958333334 0.6059027777777778 0.5641276041666666 0.6141493055555556 0.5608723958333334 0.61328125 0.5579427083333334 0.6076388888888888 0.5514322916666666 0.60546875 0.5533854166666666 0.5972222222222222 0.5569661458333334 0.59375 0.5748697916666666 0.5941840277777778
0 0.685546875 0.5954861111111112 0.6946614583333334 0.6063368055555556 0.6982421875 0.6180555555555556 0.6975911458333334 0.6254340277777778 0.6936848958333334 0.6284722222222222 0.6741536458333334 0.6284722222222222 0.6735026041666666 0.6098090277777778 0.68359375 0.6024305555555556 0.685546875 0.5959201388888888
0 0.6858723958333334 0.5941840277777778 0.6927083333333334 0.6059027777777778 0.6962890625 0.6158854166666666 0.6966145833333334 0.6232638888888888 0.6927083333333334 0.6271701388888888 0.6852213541666666 0.6258680555555556 0.6764322916666666 0.6280381944444444 0.6722005208333334 0.6263020833333334 0.6647135416666666 0.6171875 0.6471354166666666 0.6128472222222222 0.6471354166666666 0.6111111111111112 0.6578776041666666 0.6076388888888888 0.66015625 0.6041666666666666 0.6611328125 0.5954861111111112 0.6640625 0.5928819444444444 0.6806640625 0.5920138888888888 0.685546875 0.5941840277777778
0 0.841796875 0.5855034722222222 0.8463541666666666 0.5924479166666666 0.8483072916666666 0.6019965277777778 0.8424479166666666 0.6067708333333334 0.8277994791666666 0.60546875 0.8274739583333334 0.5972222222222222 0.8297526041666666 0.5907118055555556 0.8414713541666666 0.5859375
0 0.7604166666666666 0.5980902777777778 0.7639973958333334 0.6019965277777778 0.7643229166666666 0.6089409722222222 0.75390625 0.6102430555555556 0.7467447916666666 0.6089409722222222 0.7470703125 0.6019965277777778 0.7506510416666666 0.59765625 0.7600911458333334 0.5980902777777778
0 0.4534505208333333 0.6085069444444444 0.455078125 0.6158854166666666 0.4479166666666667 0.6388888888888888 0.4453125 0.6714409722222222 0.4436848958333333 0.67578125 0.4391276041666667 0.6775173611111112 0.435546875 0.6770833333333334 0.4339192708333333 0.6740451388888888 0.4342447916666667 0.6410590277777778 0.443359375 0.6137152777777778 0.453125 0.6085069444444444