1 0.8583000000000001 0.867786391042205 0.15972571428571428 0.21676571920757967
1 0.3593142857142857 0.8103660637381568 0.11984857142857144 0.16795865633074936
1 0.5740628571428571 0.6775753660637381 0.1154142857142857 0.14642549526270457
1 0.6997628571428571 0.52828165374677 0.10972857142857143 0.16077950043066322
1 0.11124857142857143 0.872093023255814 0.12657142857142858 0.18518518518518517
1 0.20172571428571429 0.5756546080964686 0.10389714285714285 0.14068475452196383
1 0.38837142857142853 0.5031567614125754 0.09632285714285714 0.1421188630490956
1 0.4974057142857143 0.4428639104220499 0.07635142857142857 0.09905254091300603
1 0.6540428571428571 0.4127174849267873 0.08073428571428572 0.10766580534022395
1 0.2564714285714286 0.43209732988802757 0.07797142857142857 0.12919896640826872
1 0.3017057142857143 0.29643841515934544 0.04653714285714285 0.07034022394487512
1 0.17267428571428572 0.16580534022394489 0.03609142857142857 0.04450043066322136
1 0.39645714285714284 0.27993109388458226 0.05698857142857143 0.07464685615848407
1 0.49977714285714286 0.3165374677002584 0.06363142857142857 0.09043927648578812
1 0.5926228571428571 0.27849698535745043 0.05122857142857143 0.07751937984496124
1 0.49120857142857144 0.2074375538329027 0.04077714285714286 0.05885874246339362
1 0.5397742857142858 0.16867786391042205 0.03886285714285714 0.047372954349698536
1 0.9777914285714285 0.28136520241171403 0.04442 0.07751937984496124
1 0.9777914285714285 0.2253789836347976 0.04442 0.054552110249784666
1 0.9097285714285714 0.1715460809646856 0.04353714285714286 0.05598621877691645
1 0.77784 0.1449913867355728 0.038805714285714284 0.054552110249784666
1 0.8364057142857143 0.10551248923341947 0.034031428571428574 0.041632213608957795
1 0.7345114285714286 0.11915159345391904 0.030245714285714285 0.03732558139534884
1 0.7935542857142858 0.1112532299741602 0.03594571428571429 0.05024547803617571
1 0.7621285714285714 0.05885874246339362 0.03024 0.040193798449612406
1 0.70166 0.08900516795865633 0.031205714285714285 0.040193798449612406
1 0.3697942857142857 0.09761843238587424 0.026522857142857143 0.034453057708871665
1 0.4197885714285714 0.07536606373815675 0.02556 0.03875968992248062
1 0.46264 0.059573643410852715 0.027454285714285716 0.035887166236003444
1 0.5112057142857143 0.05813953488372093 0.025537142857142855 0.03301894918173988
2 0.4064542857142857 0.16437123169681309 0.06365428571428572 0.13637812230835486
1 0.4957285714285714 0.02037037037037037 0.021240000000000002 0.028376399655469422
1 0.4637514285714286 0.03201550387596899 0.02292857142857143 0.02983204134366925
1 0.4241685714285714 0.02146425495262705 0.02003142857142857 0.02473729543496985
1 0.6880371428571429 0.034961240310077524 0.02066 0.024677002583979327
1 0.68716 0.07550387596899225 0.025534285714285714 0.027618432385874244
1 0.73384 0.03922049956933678 0.02222 0.023208440999138675
1 0.66874 0.010723514211886304 0.02066 0.021447028423772607
1 0.6283942857142858 0.010723514211886304 0.019491428571428573 0.021447028423772607