1 0.378 0.6508333333333334 0.395 0.6533333333333333 0.40775 0.6636666666666666 0.40975 0.7033333333333334 0.40775 0.7113333333333334 0.4045 0.7126666666666667 0.37325 0.7136666666666667 0.3575 0.711 0.34875 0.695 0.3455 0.6573333333333333 0.3485 0.6533333333333333 0.37775 0.6508333333333334
1 0.57125 0.6981666666666667 0.61825 0.7275 0.61625 0.7798333333333334 0.60825 0.7921666666666667 0.54775 0.794 0.543 0.7935 0.5385 0.7876666666666666 0.52575 0.7838333333333334 0.52125 0.7768333333333334 0.5005 0.759 0.49275 0.7415 0.4925 0.7223333333333334 0.4885 0.7185 0.483 0.7176666666666667 0.48275 0.7131666666666666 0.4845 0.7095 0.498 0.7053333333333334 0.5055 0.6991666666666667 0.571 0.6981666666666667
1 0.2655 0.48183333333333334 0.27125 0.4881666666666667 0.27175 0.49833333333333335 0.2695 0.5011666666666666 0.2555 0.5015 0.25225 0.49833333333333335 0.2525 0.4856666666666667 0.26525 0.482
1 0.292 0.5338333333333334 0.3005 0.5341666666666667 0.30425 0.5363333333333333 0.30475 0.5571666666666667 0.3005 0.5611666666666667 0.28825 0.5615 0.2795 0.5606666666666666 0.2765 0.5398333333333334 0.2795 0.5355 0.29175 0.5338333333333334
1 0.50225 0.804 0.50925 0.8073333333333333 0.5225 0.8191666666666667 0.54675 0.821 0.55775 0.8315 0.56125 0.8488333333333333 0.56775 0.8585 0.57775 0.8605 0.5985 0.8606666666666667 0.60225 0.8638333333333333 0.6015 0.9086666666666666 0.59725 0.9253333333333333 0.57825 0.9275 0.53575 0.928 0.52775 0.9298333333333333 0.51325 0.9281666666666667 0.50825 0.9253333333333333 0.477 0.8826666666666667 0.4735 0.8573333333333333 0.47875 0.8318333333333333 0.48475 0.8291666666666667 0.512 0.8261666666666667 0.50825 0.8203333333333334 0.50125 0.82 0.4975 0.8178333333333333 0.498 0.807 0.502 0.804
1 0.307 0.5773333333333334 0.32125 0.581 0.3245 0.5928333333333333 0.33975 0.5926666666666667 0.34325 0.5951666666666666 0.341 0.62 0.3315 0.6228333333333333 0.30725 0.6233333333333333 0.3 0.6206666666666667 0.298 0.6165 0.29375 0.5823333333333334 0.2945 0.578 0.30675 0.5773333333333334
0 0.33825 0.5146666666666667 0.33575 0.5046666666666667 0.34375 0.49966666666666665 0.35375 0.5013333333333333 0.3555 0.5116666666666667 0.35225 0.5151666666666667 0.3385 0.5146666666666667
0 0.34575 0.45716666666666667 0.35225 0.4588333333333333 0.35375 0.462 0.3525 0.4668333333333333 0.347 0.4675 0.34175 0.465 0.3455 0.45716666666666667
0 0.425125 0.48741666666666666 0.01075 0.013166666666666667
0 0.5085 0.4618333333333333 0.51325 0.4635 0.51375 0.4671666666666667 0.5055 0.4703333333333333 0.49875 0.4685 0.4975 0.4633333333333333 0.50825 0.4618333333333333
0 0.4015 0.48783333333333334 0.40675 0.491 0.4045 0.49916666666666665 0.39 0.49816666666666665 0.3915 0.4895 0.40125 0.48783333333333334
0 0.27525 0.5033333333333333 0.2795 0.5051666666666667 0.28125 0.5091666666666667 0.2795 0.513 0.27375 0.5143333333333333 0.26225 0.5136666666666667 0.2605 0.5115 0.26525 0.504 0.275 0.5033333333333333
0 0.381 0.48 0.387 0.4836666666666667 0.38775 0.4876666666666667 0.38075 0.49016666666666664 0.37 0.48783333333333334 0.37175 0.48433333333333334 0.38075 0.48
0 0.37925 0.4603333333333333 0.38275 0.4625 0.38275 0.4673333333333333 0.37 0.4695 0.36775 0.4673333333333333 0.3695 0.462 0.379 0.4603333333333333
0 0.43225 0.502 0.4375 0.5053333333333333 0.43875 0.512 0.43525 0.5151666666666667 0.42225 0.5161666666666667 0.41725 0.5123333333333333 0.41825 0.5031666666666667 0.432 0.502
0 0.72 0.6606666666666666 0.73425 0.662 0.7515 0.6811666666666667 0.7505 0.6893333333333334 0.7415 0.6956666666666667 0.73125 0.6928333333333333 0.70975 0.6926666666666667 0.7045 0.6895 0.6955 0.6878333333333333 0.6895 0.6821666666666667 0.689 0.674 0.696 0.6643333333333333 0.703 0.661 0.71975 0.6606666666666666
0 0.46775 0.49983333333333335 0.47375 0.5016666666666667 0.4775 0.5126666666666667 0.474 0.5155 0.46 0.5166666666666667 0.45525 0.5155 0.4545 0.5026666666666667 0.4595 0.49966666666666665 0.4675 0.49983333333333335
0 0.25025 0.4528333333333333 0.2525 0.457 0.2455 0.461 0.24275 0.4548333333333333 0.25 0.4528333333333333
0 0.394 0.6106666666666667 0.41875 0.6156666666666667 0.423 0.6228333333333333 0.42125 0.6313333333333333 0.4105 0.6326666666666667 0.38575 0.6303333333333333 0.38375 0.6158333333333333 0.38625 0.613 0.39375 0.6108333333333333
0 0.45075 0.5158333333333334 0.458 0.5223333333333333 0.458 0.5263333333333333 0.45325 0.5286666666666666 0.4365 0.5283333333333333 0.43375 0.5261666666666667 0.4355 0.5185 0.4385 0.5163333333333333 0.4505 0.5158333333333334
0 0.27975 0.5158333333333334 0.28575 0.5176666666666667 0.28775 0.5218333333333334 0.28725 0.5283333333333333 0.282 0.5296666666666666 0.27225 0.5296666666666666 0.26775 0.5258333333333334 0.269 0.5178333333333334 0.2795 0.5158333333333334
0 0.401 0.4693333333333333 0.4055 0.47383333333333333 0.40475 0.4791666666666667 0.401 0.48033333333333333 0.39125 0.4796666666666667 0.3895 0.47733333333333333 0.39175 0.4715 0.40075 0.4693333333333333
0 0.41225 0.463 0.41625 0.4635 0.4185 0.4665 0.41625 0.4696666666666667 0.4125 0.4703333333333333 0.403 0.467 0.40425 0.4633333333333333 0.412 0.463
0 0.36275 0.45566666666666666 0.36975 0.46 0.36475 0.4703333333333333 0.35925 0.4701666666666667 0.3565 0.4645 0.359 0.4565 0.3625 0.4558333333333333
0 0.35225 0.519 0.3545 0.5135 0.35925 0.5126666666666667 0.36275 0.519 0.36175 0.5241666666666667 0.35525 0.5256666666666666 0.3525 0.5191666666666667
0 0.52725 0.47683333333333333 0.533 0.47683333333333333 0.53525 0.4786666666666667 0.53575 0.48433333333333334 0.53275 0.48633333333333334 0.518 0.4826666666666667 0.519 0.4771666666666667 0.527 0.47683333333333333
0 0.4185 0.48033333333333333 0.4215 0.48683333333333334 0.4185 0.49216666666666664 0.4095 0.49166666666666664 0.4065 0.48833333333333334 0.4095 0.481 0.41825 0.48033333333333333
0 0.411 0.5483333333333333 0.4185 0.5503333333333333 0.42175 0.5573333333333333 0.40575 0.5596666666666666 0.393 0.5588333333333333 0.39075 0.5571666666666667 0.391 0.55 0.3975 0.5476666666666666 0.41075 0.5483333333333333
0 0.31825 0.5056666666666667 0.322 0.5081666666666667 0.32325 0.5156666666666667 0.31425 0.5205 0.30575 0.5176666666666667 0.3035 0.5113333333333333 0.30725 0.5061666666666667 0.318 0.5056666666666667
0 0.748 0.8016666666666666 0.755 0.8031666666666667 0.75875 0.807 0.76 0.824 0.75625 0.8416666666666667 0.75 0.8525 0.74575 0.854 0.7375 0.8528333333333333 0.72725 0.8436666666666667 0.72525 0.8316666666666667 0.7305 0.807 0.7375 0.802 0.74775 0.8016666666666666
0 0.6035 0.696 0.61575 0.6988333333333333 0.629 0.7126666666666667 0.6275 0.7243333333333334 0.62325 0.7273333333333334 0.60775 0.7206666666666667 0.5775 0.6995 0.58125 0.696 0.60325 0.696
0 0.4775 0.5283333333333333 0.485 0.5356666666666666 0.48575 0.5433333333333333 0.46375 0.5456666666666666 0.46 0.545 0.45875 0.5401666666666667 0.46075 0.5293333333333333 0.47725 0.5283333333333333
0 0.39725 0.4575 0.402 0.46 0.3985 0.4643333333333333 0.39025 0.4633333333333333 0.38625 0.46 0.397 0.4575
0 0.4815 0.6203333333333333 0.5015 0.6233333333333333 0.5055 0.6223333333333333 0.517 0.6268333333333334 0.52 0.633 0.5205 0.6475 0.5175 0.651 0.491 0.65 0.48125 0.6515 0.477 0.6471666666666667 0.47375 0.6468333333333334 0.47025 0.6415 0.47125 0.6266666666666667 0.4775 0.6203333333333333 0.48125 0.6203333333333333
0 0.453 0.48533333333333334 0.468 0.4875 0.4725 0.49116666666666664 0.47175 0.49483333333333335 0.462 0.49616666666666664 0.44975 0.4945 0.4475 0.4876666666666667 0.45275 0.4855
0 0.474 0.4615 0.48425 0.4628333333333333 0.48575 0.466 0.48425 0.4681666666666667 0.47475 0.4693333333333333 0.4655 0.467 0.46675 0.46266666666666667 0.47375 0.4615
0 0.32925 0.5191666666666667 0.3325 0.5258333333333334 0.34175 0.5245 0.3485 0.5328333333333334 0.34925 0.5398333333333334 0.34175 0.5438333333333333 0.321 0.5436666666666666 0.3155 0.54 0.31775 0.5286666666666666 0.324 0.526 0.31925 0.5225 0.329 0.5191666666666667
0 0.58525 0.48483333333333334 0.597 0.4875 0.60025 0.491 0.599 0.49516666666666664 0.58575 0.49616666666666664 0.57825 0.49483333333333335 0.5755 0.4915 0.57725 0.4865 0.585 0.48483333333333334
0 0.34825 0.4493333333333333 0.3545 0.45316666666666666 0.34575 0.45766666666666667 0.343 0.4528333333333333 0.34475 0.4495 0.348 0.4493333333333333
0 0.59925 0.5981666666666666 0.60975 0.6001666666666666 0.60925 0.614 0.60575 0.6178333333333333 0.592 0.6176666666666667 0.59075 0.6158333333333333 0.58825 0.6023333333333334 0.59175 0.5995 0.599 0.5981666666666666