1 0.126734375 0.9336388888888889 0.1493046875 0.1327222222222222
1 0.6306406250000001 0.7361111111111112 0.068578125 0.1327222222222222
1 0.6723125 0.5108055555555555 0.0390625 0.058638888888888886
1 0.1814609375 0.6420833333333333 0.0812109375 0.11673611111111111
1 0.408796875 0.6251527777777778 0.049625 0.07931944444444444
1 0.33585937499999996 0.5730138888888889 0.0451171875 0.06594444444444444
1 0.31229687500000003 0.5137499999999999 0.0651640625 0.08644444444444445
1 0.38749218750000003 0.4995 0.030078125 0.04009722222222222
1 0.439265625 0.4889861111111111 0.031390625 0.05511111111111111
1 0.407578125 0.4609166666666667 0.0237421875 0.03173611111111111
1 0.4610390625 0.43179166666666663 0.017265625 0.027902777777777776
1 0.6043203125 0.45349999999999996 0.0250859375 0.03768055555555556
1 0.5962421875 0.4219722222222222 0.02046875 0.026916666666666665
1 0.5409609375 0.43952777777777774 0.021765625 0.03075
1 0.5747656250000001 0.39865277777777774 0.015859375000000002 0.021777777777777778
1 0.5309375000000001 0.3990277777777778 0.0144140625 0.02101388888888889
1 0.4380078125 0.40770833333333334 0.014093749999999999 0.022083333333333333
1 0.4120859375 0.40622222222222226 0.0176796875 0.02336111111111111