1 0.6997872340425532 0.8401162790697675 0.2656382978723404 0.31976744186046513
1 0.5355851063829787 0.4898255813953488 0.16595744680851063 0.2005813953488372
1 0.2310904255319149 0.5792151162790697 0.2245212765957447 0.23982558139534885
1 0.3813563829787234 0.3800872093023256 0.1314095744680851 0.12354651162790697
1 0.7782446808510638 0.4127906976744186 0.14861702127659576 0.1686046511627907
1 0.59875 0.26308139534883723 0.10345744680851063 0.12209302325581395
1 0.6286702127659575 0.17151162790697674 0.10210106382978723 0.11337209302325581
1 0.7828989361702128 0.21875 0.11271276595744681 0.10610465116279069
1 0.7742553191489362 0.311046511627907 0.14063829787234045 0.10465116279069768
1 0.6512765957446809 0.08793604651162791 0.08880319148936171 0.1002906976744186
1 0.768936170212766 0.08502906976744186 0.08744680851063831 0.09447674418604651
1 0.5455585106382979 0.05377906976744186 0.06888297872340425 0.07848837209302326
0 0.43851063829787235 0.1998546511627907 0.179281914893617 0.23401162790697674