0 0.38255208333333335 0.4027777777777778 0.4080729166666667 0.4046296296296296 0.41822916666666665 0.4097222222222222 0.428125 0.44537037037037036 0.4393229166666667 0.4513888888888889 0.44244791666666666 0.45601851851851855 0.43359375 0.4666666666666667 0.4348958333333333 0.49953703703703706 0.43203125 0.5175925925925926 0.42864583333333334 0.5171296296296296 0.42604166666666665 0.5101851851851852 0.42135416666666664 0.5055555555555555 0.39401041666666664 0.49675925925925923 0.35598958333333336 0.4976851851851852 0.3450520833333333 0.5018518518518519 0.33489583333333334 0.5101851851851852 0.334375 0.48842592592592593 0.3380208333333333 0.46296296296296297 0.33567708333333335 0.4583333333333333 0.328125 0.4546296296296296 0.328125 0.4476851851851852 0.33125 0.4444444444444444 0.3424479166666667 0.44583333333333336 0.3489583333333333 0.41805555555555557 0.35625 0.4046296296296296 0.38229166666666664 0.4027777777777778
0 0.25859375 0.24675925925925926 0.265625 0.2513888888888889 0.265625 0.25462962962962965 0.2598958333333333 0.2708333333333333 0.2515625 0.2740740740740741 0.24817708333333333 0.2675925925925926 0.24895833333333334 0.2550925925925926 0.2513020833333333 0.25 0.25833333333333336 0.24675925925925926
0 0.5536458333333333 0.2569444444444444 0.5557291666666667 0.26157407407407407 0.5557291666666667 0.2791666666666667 0.5536458333333333 0.2875 0.5502604166666667 0.2861111111111111 0.5458333333333333 0.2962962962962963 0.5447916666666667 0.3162037037037037 0.5390625 0.31805555555555554 0.5375 0.3453703703703704 0.5328125 0.35 0.5283854166666667 0.3486111111111111 0.5294270833333333 0.3347222222222222 0.5265625 0.31805555555555554 0.5265625 0.29305555555555557 0.5247395833333334 0.2847222222222222 0.5268229166666667 0.2791666666666667 0.5276041666666667 0.2662037037037037 0.5309895833333333 0.262037037037037 0.5533854166666666 0.2574074074074074
0 0.37604166666666666 0.4981481481481482 0.40546875 0.500462962962963 0.42526041666666664 0.5092592592592593 0.43307291666666664 0.5305555555555556 0.43828125 0.5532407407407407 0.44947916666666665 0.5560185185185185 0.4552083333333333 0.5634259259259259 0.45390625 0.5699074074074074 0.4471354166666667 0.5773148148148148 0.44765625 0.6759259259259259 0.44453125 0.6921296296296297 0.4395833333333333 0.6962962962962963 0.43072916666666666 0.6925925925925925 0.4265625 0.6824074074074075 0.41848958333333336 0.6768518518518518 0.39453125 0.675 0.38697916666666665 0.6694444444444444 0.3651041666666667 0.662962962962963 0.31979166666666664 0.6606481481481481 0.3140625 0.6564814814814814 0.3138020833333333 0.5962962962962963 0.31953125 0.5703703703703704 0.31744791666666666 0.5666666666666667 0.3072916666666667 0.5625 0.30703125 0.5532407407407407 0.3106770833333333 0.549074074074074 0.31796875 0.5481481481481482 0.32447916666666665 0.5541666666666667 0.33489583333333334 0.5157407407407407 0.34296875 0.5041666666666667 0.3578125 0.49907407407407406 0.37578125 0.4981481481481482
0 0.36223958333333334 0.23703703703703705 0.36328125 0.25 0.35963541666666665 0.2564814814814815 0.35598958333333336 0.25555555555555554 0.3497395833333333 0.24444444444444444 0.35 0.2412037037037037 0.35546875 0.2361111111111111 0.3619791666666667 0.23703703703703705
0 0.39427083333333335 0.3125 0.421875 0.31712962962962965 0.42630208333333336 0.32083333333333336 0.43020833333333336 0.3337962962962963 0.4328125 0.35555555555555557 0.43020833333333336 0.34814814814814815 0.42265625 0.3439814814814815 0.37890625 0.34305555555555556 0.3723958333333333 0.3490740740740741 0.36302083333333335 0.3814814814814815 0.36015625 0.3800925925925926 0.36171875 0.36342592592592593 0.35572916666666665 0.3578703703703704 0.35520833333333335 0.3509259259259259 0.3651041666666667 0.34629629629629627 0.3731770833333333 0.3175925925925926 0.38177083333333334 0.31342592592592594 0.39401041666666664 0.3125
0 0.2669270833333333 0.21342592592592594 0.27109375 0.2175925925925926 0.27265625 0.22453703703703703 0.26901041666666664 0.23842592592592593 0.26484375 0.24537037037037038 0.2515625 0.24074074074074073 0.25052083333333336 0.2351851851851852 0.2557291666666667 0.21666666666666667 0.26666666666666666 0.21342592592592594
0 0.5921875 0.32407407407407407 0.628125 0.3347222222222222 0.63828125 0.362962962962963 0.6473958333333333 0.3685185185185185 0.6489583333333333 0.3763888888888889 0.6354166666666666 0.38472222222222224 0.5973958333333333 0.38564814814814813 0.590625 0.39305555555555555 0.5854166666666667 0.4115740740740741 0.5783854166666667 0.4185185185185185 0.571875 0.4199074074074074 0.5565104166666667 0.41805555555555557 0.55625 0.4041666666666667 0.553125 0.39490740740740743 0.5559895833333334 0.3800925925925926 0.5489583333333333 0.3731481481481482 0.5484375 0.36944444444444446 0.5502604166666667 0.36435185185185187 0.5536458333333333 0.3625 0.55390625 0.36666666666666664 0.55703125 0.3675925925925926 0.56171875 0.36342592592592593 0.5692708333333333 0.33425925925925926 0.5744791666666667 0.32592592592592595 0.5919270833333333 0.32407407407407407
0 0.31588541666666664 0.23333333333333334 0.321875 0.2375 0.31744791666666666 0.2412037037037037 0.31484375 0.25787037037037036 0.3109375 0.25972222222222224 0.30390625 0.2569444444444444 0.30078125 0.24444444444444444 0.3059895833333333 0.2351851851851852 0.315625 0.23333333333333334
0 0.20078125 0.26481481481481484 0.21015625 0.2689814814814815 0.21354166666666666 0.2851851851851852 0.21901041666666668 0.2972222222222222 0.22135416666666666 0.32037037037037036 0.22109375 0.34444444444444444 0.22057291666666667 0.34953703703703703 0.21770833333333334 0.3523148148148148 0.21354166666666666 0.3523148148148148 0.209375 0.34444444444444444 0.17786458333333333 0.34444444444444444 0.17421875 0.3416666666666667 0.17291666666666666 0.3101851851851852 0.16953125 0.2935185185185185 0.17109375 0.2759259259259259 0.17838541666666666 0.2675925925925926 0.20052083333333334 0.26481481481481484
0 0.6197916666666666 0.5814814814814815 0.6994791666666667 0.586574074074074 0.7044270833333334 0.5916666666666667 0.7106770833333333 0.6055555555555555 0.7203125 0.6370370370370371 0.7263020833333333 0.674537037037037 0.72734375 0.6763888888888889 0.7291666666666666 0.6708333333333333 0.734375 0.6666666666666666 0.7421875 0.6689814814814815 0.7447916666666666 0.6819444444444445 0.7432291666666667 0.6888888888888889 0.7291666666666666 0.6972222222222222 0.7325520833333333 0.7189814814814814 0.7328125 0.7425925925925926 0.7322916666666667 0.8490740740740741 0.73203125 0.8587962962962963 0.7302083333333333 0.862037037037037 0.715625 0.8587962962962963 0.7067708333333333 0.8402777777777778 0.6916666666666667 0.8416666666666667 0.603125 0.8356481481481481 0.5986979166666667 0.8384259259259259 0.5963541666666666 0.8597222222222223 0.5861979166666667 0.8606481481481482 0.5796875 0.8555555555555555 0.57890625 0.7574074074074074 0.58046875 0.6921296296296297 0.5677083333333334 0.6814814814814815 0.5677083333333334 0.6689814814814815 0.5747395833333333 0.6611111111111111 0.5848958333333333 0.6625 0.5963541666666666 0.625462962962963 0.6020833333333333 0.5972222222222222 0.61484375 0.5819444444444445 0.61953125 0.5814814814814815
0 0.42213541666666665 0.26666666666666666 0.44583333333333336 0.27037037037037037 0.45598958333333334 0.2759259259259259 0.4596354166666667 0.2824074074074074 0.46145833333333336 0.2800925925925926 0.46067708333333335 0.2759259259259259 0.46380208333333334 0.2759259259259259 0.4640625 0.28194444444444444 0.4669270833333333 0.28703703703703703 0.4627604166666667 0.2967592592592593 0.4666666666666667 0.30324074074074076 0.4705729166666667 0.3212962962962963 0.46848958333333335 0.33055555555555555 0.46901041666666665 0.35185185185185186 0.4635416666666667 0.36435185185185187 0.459375 0.36342592592592593 0.44947916666666665 0.3347222222222222 0.44895833333333335 0.32222222222222224 0.4453125 0.31712962962962965 0.43671875 0.3138888888888889 0.40859375 0.3125 0.3997395833333333 0.30694444444444446 0.40625 0.27685185185185185 0.41458333333333336 0.2675925925925926 0.421875 0.26666666666666666
0 0.3419270833333333 0.24722222222222223 0.35234375 0.24953703703703703 0.35520833333333335 0.25462962962962965 0.35572916666666665 0.2722222222222222 0.3385416666666667 0.2726851851851852 0.33515625 0.26481481481481484 0.33541666666666664 0.2587962962962963 0.3372395833333333 0.2513888888888889 0.3416666666666667 0.24768518518518517
0 0.3697916666666667 0.3 0.371875 0.3037037037037037 0.37265625 0.3143518518518518 0.36796875 0.3212962962962963 0.353125 0.31851851851851853 0.35 0.3138888888888889 0.3575520833333333 0.3013888888888889 0.36953125 0.3
0 0 0.3416666666666667 0.015104166666666667 0.3453703703703704 0.024479166666666666 0.38287037037037036 0.03411458333333333 0.387037037037037 0.0359375 0.3907407407407407 0.032552083333333336 0.40046296296296297 0.03229166666666667 0.4875 0.02421875 0.49398148148148147 0.01875 0.49444444444444446 0.01484375 0.4912037037037037 0.011979166666666667 0.47962962962962963 0 0.4787037037037037 0 0.3421296296296296
0 0.2986979166666667 0.2759259259259259 0.30364583333333334 0.2851851851851852 0.3033854166666667 0.29305555555555557 0.30052083333333335 0.2986111111111111 0.28984375 0.2949074074074074 0.28489583333333335 0.2861111111111111 0.2869791666666667 0.27824074074074073 0.2984375 0.2759259259259259
0 0.22447916666666667 0.2657407407407407 0.23072916666666668 0.2675925925925926 0.23255208333333333 0.2722222222222222 0.23098958333333333 0.2763888888888889 0.21354166666666666 0.2726851851851852 0.2171875 0.2657407407407407 0.22421875 0.2657407407407407
0 0.42630208333333336 0.3712962962962963 0.44296875 0.37222222222222223 0.44947916666666665 0.3763888888888889 0.453125 0.38333333333333336 0.4578125 0.4125 0.45989583333333334 0.41574074074074074 0.4666666666666667 0.4152777777777778 0.46979166666666666 0.4212962962962963 0.4630208333333333 0.4356481481481482 0.46197916666666666 0.512962962962963 0.4578125 0.5194444444444445 0.45234375 0.5189814814814815 0.44869791666666664 0.5041666666666667 0.4354166666666667 0.5018518518518519 0.434375 0.4634259259259259 0.43984375 0.4601851851851852 0.44114583333333335 0.45601851851851855 0.4390625 0.4513888888888889 0.4322916666666667 0.45185185185185184 0.42942708333333335 0.4476851851851852 0.41875 0.40925925925925927 0.40520833333333334 0.4027777777777778 0.38307291666666665 0.40185185185185185 0.3815104166666667 0.399537037037037 0.38359375 0.38472222222222224 0.38958333333333334 0.3726851851851852 0.40286458333333336 0.36944444444444446 0.42604166666666665 0.3712962962962963
0 0.27734375 0.2898148148148148 0.2869791666666667 0.29305555555555557 0.2916666666666667 0.30694444444444446 0.26276041666666666 0.3236111111111111 0.25885416666666666 0.3194444444444444 0.2578125 0.2967592592592593 0.26197916666666665 0.2912037037037037 0.27708333333333335 0.2898148148148148
0 0.27369791666666665 0.2523148148148148 0.2794270833333333 0.2569444444444444 0.28203125 0.2652777777777778 0.2825520833333333 0.274537037037037 0.2796875 0.2800925925925926 0.26484375 0.2796296296296296 0.26197916666666665 0.2759259259259259 0.26171875 0.26805555555555555 0.26458333333333334 0.2569444444444444 0.26796875 0.25277777777777777 0.2734375 0.2523148148148148
0 0.13411458333333334 0.24351851851851852 0.16145833333333334 0.24768518518518517 0.16796875 0.2550925925925926 0.1703125 0.2638888888888889 0.16770833333333332 0.29305555555555557 0.17395833333333333 0.3106481481481482 0.17239583333333333 0.3662037037037037 0.16901041666666666 0.3726851851851852 0.16744791666666667 0.3837962962962963 0.16276041666666666 0.38796296296296295 0.1578125 0.387037037037037 0.15442708333333333 0.3787037037037037 0.15130208333333334 0.37777777777777777 0.11953125 0.3773148148148148 0.11796875 0.3592592592592593 0.10807291666666667 0.3384259259259259 0.10338541666666666 0.31851851851851853 0.0953125 0.3074074074074074 0.0875 0.3037037037037037 0.090625 0.29305555555555557 0.09401041666666667 0.2601851851851852 0.11276041666666667 0.24768518518518517 0.13385416666666666 0.24351851851851852
0 0.73671875 0.924074074074074 0.82421875 0.9282407407407407 0.8744791666666667 0.9375 0.88203125 0.9444444444444444 0.8890625 0.9629629629629629 0.8966145833333333 0.9944444444444445 0.8924479166666667 0.999537037037037 0.8221354166666667 0.999537037037037 0.82109375 0.9972222222222222 0.8197916666666667 0.999537037037037 0.7825520833333334 0.999537037037037 0.78046875 0.9972222222222222 0.7778645833333333 0.999537037037037 0.7270833333333333 0.999537037037037 0.7255208333333333 0.9972222222222222 0.7192708333333333 0.999537037037037 0.6145833333333334 0.999537037037037 0.6161458333333333 0.9893518518518518 0.6208333333333333 0.9875 0.6205729166666667 0.9763888888888889 0.61953125 0.9731481481481481 0.6057291666666667 0.9680555555555556 0.60625 0.9527777777777777 0.6091145833333333 0.9481481481481482 0.615625 0.9462962962962963 0.6231770833333333 0.9523148148148148 0.6255208333333333 0.9435185185185185 0.6356770833333333 0.9287037037037037 0.6580729166666667 0.924537037037037 0.7364583333333333 0.924074074074074
0 0.45416666666666666 0.2175925925925926 0.4671875 0.2175925925925926 0.478125 0.22453703703703703 0.48411458333333335 0.25787037037037036 0.484375 0.2722222222222222 0.48932291666666666 0.28055555555555556 0.490625 0.3138888888888889 0.4869791666666667 0.31574074074074077 0.48463541666666665 0.3212962962962963 0.4822916666666667 0.3449074074074074 0.4703125 0.3490740740740741 0.46875 0.32916666666666666 0.4708333333333333 0.31666666666666665 0.46822916666666664 0.30416666666666664 0.46953125 0.2935185185185185 0.46640625 0.27870370370370373 0.46041666666666664 0.27175925925925926 0.4356770833333333 0.26666666666666666 0.43411458333333336 0.262037037037037 0.43515625 0.24259259259259258 0.4388020833333333 0.22314814814814815 0.44609375 0.21805555555555556 0.45390625 0.2175925925925926
0 0.2421875 0.275 0.2484375 0.2777777777777778 0.2557291666666667 0.29259259259259257 0.25807291666666665 0.3162037037037037 0.2578125 0.32407407407407407 0.25546875 0.3277777777777778 0.24453125 0.3314814814814815 0.24114583333333334 0.3314814814814815 0.23958333333333334 0.3282407407407407 0.2390625 0.30277777777777776 0.23098958333333333 0.2791666666666667 0.23385416666666667 0.27546296296296297 0.24192708333333332 0.275
0 0.29010416666666666 0.29305555555555557 0.30052083333333335 0.2967592592592593 0.30182291666666666 0.3037037037037037 0.2981770833333333 0.30787037037037035 0.29010416666666666 0.30694444444444446 0.28802083333333334 0.2967592592592593 0.28802083333333334 0.2935185185185185 0.28984375 0.29305555555555557
0 0.59453125 0.4222222222222222 0.6174479166666667 0.42824074074074076 0.6236979166666666 0.4393518518518518 0.6328125 0.4740740740740741 0.6440104166666667 0.475 0.6473958333333333 0.4791666666666667 0.6473958333333333 0.4828703703703704 0.6380208333333334 0.49166666666666664 0.6369791666666667 0.512962962962963 0.6161458333333333 0.5152777777777777 0.6052083333333333 0.5199074074074074 0.5986979166666667 0.5333333333333333 0.5953125 0.549074074074074 0.59140625 0.5574074074074075 0.5778645833333333 0.5625 0.5723958333333333 0.5712962962962963 0.5502604166666667 0.5712962962962963 0.54765625 0.5847222222222223 0.54375 0.587037037037037 0.5364583333333334 0.5861111111111111 0.534375 0.5814814814814815 0.5346354166666667 0.4875 0.5263020833333333 0.48055555555555557 0.52578125 0.47685185185185186 0.5299479166666666 0.4708333333333333 0.5416666666666666 0.4685185185185185 0.5494791666666666 0.4393518518518518 0.55703125 0.42453703703703705 0.5942708333333333 0.4222222222222222
0 0.7033854166666667 0.8625 0.7794270833333333 0.8699074074074075 0.7848958333333333 0.8759259259259259 0.790625 0.8898148148148148 0.80078125 0.924074074074074 0.7981770833333334 0.9263888888888889 0.7286458333333333 0.9226851851851852 0.6377604166666667 0.925 0.6403645833333333 0.9046296296296297 0.6466145833333333 0.8912037037037037 0.65390625 0.8666666666666667 0.6609375 0.8634259259259259 0.703125 0.8625
0 0.2171875 0.27314814814814814 0.23072916666666668 0.27870370370370373 0.23854166666666668 0.29768518518518516 0.24010416666666667 0.32592592592592595 0.2375 0.33240740740740743 0.23098958333333333 0.3375 0.22395833333333334 0.3347222222222222 0.22161458333333334 0.3296296296296296 0.21796875 0.2967592592592593 0.21276041666666667 0.2833333333333333 0.21328125 0.2759259259259259 0.21692708333333333 0.27314814814814814
0 0.07760416666666667 0.30787037037037035 0.09895833333333333 0.31157407407407406 0.10234375 0.3175925925925926 0.10625 0.3347222222222222 0.11536458333333334 0.3523148148148148 0.11848958333333333 0.37037037037037035 0.11796875 0.425 0.11197916666666667 0.4300925925925926 0.10572916666666667 0.4300925925925926 0.10260416666666666 0.4199074074074074 0.09921875 0.41712962962962963 0.053125 0.41759259259259257 0.04765625 0.4203703703703704 0.0453125 0.42824074074074076 0.04192708333333333 0.4310185185185185 0.03411458333333333 0.4287037037037037 0.03229166666666667 0.4199074074074074 0.035416666666666666 0.39351851851851855 0.03411458333333333 0.38796296296296295 0.030208333333333334 0.3837962962962963 0.029947916666666668 0.3773148148148148 0.03333333333333333 0.35138888888888886 0.03828125 0.34120370370370373 0.04010416666666667 0.3282407407407407 0.04583333333333333 0.3138888888888889 0.053125 0.30972222222222223 0.07734375 0.30787037037037035
0 0.24895833333333334 0.21712962962962962 0.2520833333333333 0.22268518518518518 0.25026041666666665 0.23333333333333334 0.2515625 0.2412037037037037 0.246875 0.24259259259259258 0.23828125 0.2412037037037037 0.23671875 0.2263888888888889 0.24088541666666666 0.21898148148148147 0.24869791666666666 0.21712962962962962
0 0.65859375 0.27546296296296297 0.66484375 0.28055555555555556 0.671875 0.2791666666666667 0.6729166666666667 0.2875 0.6825520833333333 0.3143518518518518 0.684375 0.3277777777777778 0.6838541666666667 0.3435185185185185 0.6822916666666666 0.3527777777777778 0.6791666666666667 0.3574074074074074 0.6684895833333333 0.3486111111111111 0.6369791666666667 0.3449074074074074 0.6359375 0.324537037037037 0.64453125 0.32083333333333336 0.6442708333333333 0.3106481481481482 0.6369791666666667 0.3037037037037037 0.6380208333333334 0.2898148148148148 0.6471354166666666 0.2759259259259259 0.6583333333333333 0.27546296296296297
0 0.43697916666666664 0.3138888888888889 0.45651041666666664 0.3143518518518518 0.46171875 0.3282407407407407 0.46015625 0.3388888888888889 0.45364583333333336 0.3453703703703704 0.459375 0.3625 0.4625 0.3662037037037037 0.45651041666666664 0.3962962962962963 0.45078125 0.37777777777777777 0.44140625 0.3699074074074074 0.43515625 0.3592592592592593 0.4296875 0.33055555555555555 0.42682291666666666 0.32175925925925924 0.42239583333333336 0.3175925925925926 0.42604166666666665 0.3143518518518518 0.43671875 0.3138888888888889
0 0.3216145833333333 0.2361111111111111 0.3359375 0.24027777777777778 0.3385416666666667 0.2462962962962963 0.33828125 0.2513888888888889 0.33098958333333334 0.2652777777777778 0.3216145833333333 0.26851851851851855 0.31640625 0.2662037037037037 0.31354166666666666 0.25833333333333336 0.31484375 0.2449074074074074 0.32135416666666666 0.2361111111111111
0 0.6989583333333333 0.8625 0.78046875 0.8708333333333333 0.78671875 0.8800925925925925 0.7966145833333333 0.9083333333333333 0.80078125 0.924537037037037 0.7981770833333334 0.9268518518518518 0.7268229166666667 0.9231481481481482 0.6377604166666667 0.9263888888888889 0.63984375 0.9050925925925926 0.6466145833333333 0.8907407407407407 0.6541666666666667 0.8662037037037037 0.6986979166666667 0.8625
0 0.346875 0.2800925925925926 0.35234375 0.2814814814814815 0.35833333333333334 0.2967592592592593 0.3572916666666667 0.30277777777777776 0.353125 0.3087962962962963 0.3458333333333333 0.3106481481481482 0.33541666666666664 0.3074074074074074 0.334375 0.2953703703703704 0.33828125 0.2814814814814815 0.34661458333333334 0.2800925925925926
0 0.39791666666666664 0.3384259259259259 0.42864583333333334 0.34305555555555556 0.4390625 0.36944444444444446 0.40260416666666665 0.3680555555555556 0.39010416666666664 0.37083333333333335 0.384375 0.3787037037037037 0.3802083333333333 0.3990740740740741 0.3731770833333333 0.40185185185185185 0.36302083333333335 0.4013888888888889 0.35 0.3939814814814815 0.3489583333333333 0.3837962962962963 0.3625 0.37824074074074077 0.36432291666666666 0.37083333333333335 0.36380208333333336 0.3625 0.3729166666666667 0.3453703703703704 0.39765625 0.3384259259259259
0 0.2890625 0.21851851851851853 0.29583333333333334 0.22777777777777777 0.2955729166666667 0.2388888888888889 0.29348958333333336 0.24212962962962964 0.28203125 0.24259259259259258 0.27838541666666666 0.24212962962962964 0.2747395833333333 0.23425925925925925 0.2755208333333333 0.22314814814814815 0.28020833333333334 0.21712962962962962 0.28880208333333335 0.21851851851851853
0 0.32890625 0.6625 0.36770833333333336 0.6652777777777777 0.3854166666666667 0.6708333333333333 0.39088541666666665 0.6754629629629629 0.4041666666666667 0.725925925925926 0.4158854166666667 0.7296296296296296 0.42161458333333335 0.7347222222222223 0.42213541666666665 0.7444444444444445 0.4127604166666667 0.7513888888888889 0.41770833333333335 0.787962962962963 0.4153645833333333 0.812037037037037 0.4161458333333333 0.8629629629629629 0.4127604166666667 0.8967592592592593 0.40703125 0.9013888888888889 0.39296875 0.9004629629629629 0.39088541666666665 0.8972222222222223 0.3888020833333333 0.8810185185185185 0.36614583333333334 0.8805555555555555 0.35885416666666664 0.8768518518518519 0.359375 0.8449074074074074 0.3653645833333333 0.8175925925925925 0.36640625 0.8032407407407407 0.36328125 0.7953703703703704 0.34869791666666666 0.7898148148148149 0.3359375 0.7236111111111111 0.3260416666666667 0.6990740740740741 0.32369791666666664 0.6986111111111111 0.32109375 0.7064814814814815 0.3184895833333333 0.7074074074074074 0.27890625 0.6995370370370371 0.28567708333333336 0.6722222222222223 0.29010416666666666 0.6675925925925926 0.32864583333333336 0.6625
0 0.44869791666666664 0.2722222222222222 0.46380208333333334 0.2726851851851852 0.471875 0.29305555555555557 0.4705729166666667 0.30462962962962964 0.4739583333333333 0.31712962962962965 0.47213541666666664 0.32916666666666666 0.4734375 0.3453703703703704 0.4669270833333333 0.35833333333333334 0.45989583333333334 0.3527777777777778 0.459375 0.34444444444444444 0.4640625 0.3282407407407407 0.4583333333333333 0.3111111111111111 0.45625 0.2898148148148148 0.44895833333333335 0.2726851851851852
0 0.4296875 0.2675925925925926 0.44869791666666664 0.2722222222222222 0.4578125 0.2935185185185185 0.459375 0.3106481481481482 0.42239583333333336 0.3138888888888889 0.40260416666666665 0.30972222222222223 0.4010416666666667 0.30694444444444446 0.40260416666666665 0.28935185185185186 0.4114583333333333 0.2712962962962963 0.42942708333333335 0.2675925925925926
0 0.6434895833333333 0.5152777777777777 0.684375 0.5222222222222223 0.6890625 0.5333333333333333 0.6971354166666667 0.5662037037037037 0.6994791666666667 0.5703703703703704 0.70625 0.5643518518518519 0.7111979166666667 0.5666666666666667 0.7135416666666666 0.5703703703703704 0.7138020833333333 0.5810185185185185 0.7067708333333333 0.5856481481481481 0.6916666666666667 0.5861111111111111 0.64765625 0.5796296296296296 0.6255208333333333 0.5819444444444445 0.6158854166666666 0.5782407407407407 0.60390625 0.5912037037037037 0.5979166666666667 0.6097222222222223 0.5955729166666667 0.6259259259259259 0.5903645833333333 0.6361111111111111 0.5854166666666667 0.6555555555555556 0.5817708333333333 0.6574074074074074 0.58046875 0.612037037037037 0.58359375 0.5847222222222223 0.5744791666666667 0.5740740740740741 0.5744791666666667 0.5675925925925925 0.5809895833333333 0.5606481481481481 0.5916666666666667 0.5587962962962963 0.6010416666666667 0.5273148148148148 0.6052083333333333 0.5208333333333334 0.615625 0.5166666666666667 0.6432291666666666 0.5152777777777777
0 0.39088541666666665 0.2638888888888889 0.39765625 0.26990740740740743 0.4 0.28703703703703703 0.3890625 0.2935185185185185 0.38359375 0.2902777777777778 0.38229166666666664 0.2828703703703704 0.3848958333333333 0.2763888888888889 0.3859375 0.26481481481481484 0.390625 0.2638888888888889
0 0.571875 0.3226851851851852 0.5755208333333334 0.324537037037037 0.5684895833333333 0.3337962962962963 0.5609375 0.36527777777777776 0.5533854166666666 0.36435185185185187 0.5505208333333333 0.36944444444444446 0.5520833333333334 0.37407407407407406 0.5578125 0.3763888888888889 0.5541666666666667 0.38981481481481484 0.55703125 0.4217592592592593 0.5484375 0.42824074074074076 0.5432291666666667 0.43842592592592594 0.5364583333333334 0.4351851851851852 0.5341145833333333 0.3888888888888889 0.5356770833333333 0.3662037037037037 0.53203125 0.3611111111111111 0.5322916666666667 0.35555555555555557 0.53828125 0.35 0.5484375 0.3282407407407407 0.5567708333333333 0.32314814814814813 0.5716145833333334 0.3226851851851852
0 0.55390625 0.28379629629629627 0.5565104166666667 0.28935185185185186 0.55625 0.31203703703703706 0.5541666666666667 0.3175925925925926 0.5567708333333333 0.32083333333333336 0.5484375 0.3263888888888889 0.5447916666666667 0.3347222222222222 0.53984375 0.33796296296296297 0.53671875 0.31527777777777777 0.5421875 0.30694444444444446 0.5458333333333333 0.2875 0.5536458333333333 0.28379629629629627
0 0.2625 0.7013888888888888 0.30026041666666664 0.7041666666666667 0.31744791666666666 0.7087962962962963 0.32369791666666664 0.7041666666666667 0.32786458333333335 0.7050925925925926 0.33541666666666664 0.7236111111111111 0.34817708333333336 0.7898148148148149 0.3611979166666667 0.7962962962962963 0.3645833333333333 0.8032407407407407 0.36276041666666664 0.8194444444444444 0.3572916666666667 0.8263888888888888 0.35911458333333335 0.8388888888888889 0.35572916666666665 0.8944444444444445 0.35598958333333336 0.9671296296296297 0.3541666666666667 0.9810185185185185 0.34921875 0.9875 0.35208333333333336 0.9944444444444445 0.3419270833333333 0.9893518518518518 0.33697916666666666 0.9902777777777778 0.33489583333333334 0.9944444444444445 0.3338541666666667 0.9842592592592593 0.33151041666666664 0.9796296296296296 0.3190104166666667 0.9814814814814815 0.30833333333333335 0.9777777777777777 0.21927083333333333 0.975 0.203125 0.9773148148148149 0.19895833333333332 0.9944444444444445 0.18880208333333334 0.9972222222222222 0.18229166666666666 0.9972222222222222 0.178125 0.9935185185185185 0.17734375 0.9671296296296297 0.1796875 0.8597222222222223 0.18567708333333333 0.825925925925926 0.1890625 0.8175925925925925 0.17473958333333334 0.8083333333333333 0.17213541666666668 0.8004629629629629 0.17291666666666666 0.7935185185185185 0.17890625 0.7847222222222222 0.18723958333333332 0.7833333333333333 0.19296875 0.7870370370370371 0.1953125 0.7837962962962963 0.20755208333333333 0.7458333333333333 0.21171875 0.7199074074074074 0.22317708333333333 0.6925925925925925 0.22708333333333333 0.7027777777777777 0.26223958333333336 0.7013888888888888
0 0.6190104166666667 0.38564814814814813 0.6440104166666667 0.3861111111111111 0.65078125 0.38981481481481484 0.6638020833333333 0.42592592592592593 0.675 0.4310185185185185 0.6747395833333333 0.4388888888888889 0.6705729166666666 0.44166666666666665 0.6690104166666667 0.44814814814814813 0.67109375 0.4675925925925926 0.6700520833333333 0.5097222222222222 0.6684895833333333 0.5162037037037037 0.63984375 0.5111111111111111 0.6403645833333333 0.49166666666666664 0.6479166666666667 0.48564814814814816 0.64921875 0.48009259259259257 0.64375 0.47314814814814815 0.63359375 0.4722222222222222 0.6252604166666667 0.44027777777777777 0.6184895833333334 0.4263888888888889 0.60859375 0.4217592592592593 0.5838541666666667 0.41805555555555557 0.5934895833333333 0.38935185185185184 0.5984375 0.3861111111111111 0.61875 0.38564814814814813