0 0.37037037037037035 0.4921875 0.3787037037037037 0.4947916666666667 0.39537037037037037 0.49635416666666665 0.40370370370370373 0.5015625 0.4009259259259259 0.515625 0.3925925925925926 0.5234375 0.38333333333333336 0.5234375 0.3787037037037037 0.5177083333333333 0.3675925925925926 0.5130208333333334 0.3490740740740741 0.5130208333333334 0.3472222222222222 0.5114583333333333 0.34814814814814815 0.5052083333333334 0.35555555555555557 0.496875 0.36944444444444446 0.4921875
0 0.5685185185185185 0.49322916666666666 0.575 0.4942708333333333 0.5777777777777777 0.5026041666666666 0.5518518518518518 0.5052083333333334 0.5435185185185185 0.5177083333333333 0.5398148148148149 0.5140625 0.5425925925925926 0.49947916666666664 0.5518518518518518 0.49322916666666666 0.5675925925925925 0.49322916666666666
0 0.46296296296296297 0.46145833333333336 0.4824074074074074 0.4625 0.487962962962963 0.47239583333333335 0.48703703703703705 0.478125 0.47685185185185186 0.471875 0.4601851851851852 0.4734375 0.45925925925925926 0.4661458333333333 0.46296296296296297 0.46197916666666666
0 0.5435185185185185 0.5177083333333333 0.5453703703703704 0.5427083333333333 0.5425925925925926 0.5484375 0.5361111111111111 0.5473958333333333 0.5324074074074074 0.5380208333333333 0.5333333333333333 0.525 0.5425925925925926 0.5177083333333333
0 0.4666666666666667 0.446875 0.4842592592592593 0.4484375 0.49074074074074076 0.46041666666666664 0.4842592592592593 0.4635416666666667 0.47129629629629627 0.46145833333333336 0.46296296296296297 0.4630208333333333 0.4601851851851852 0.4557291666666667 0.46296296296296297 0.4479166666666667 0.46574074074074073 0.4473958333333333
0 0.4842592592592593 0.51875 0.4898148148148148 0.521875 0.49537037037037035 0.5328125 0.49074074074074076 0.5432291666666667 0.48333333333333334 0.5401041666666667 0.45 0.5395833333333333 0.4351851851851852 0.5447916666666667 0.4324074074074074 0.5432291666666667 0.43425925925925923 0.5364583333333334 0.4425925925925926 0.5234375 0.4527777777777778 0.5203125 0.48333333333333334 0.51875
0 0.4027777777777778 0.6083333333333333 0.4425925925925926 0.6088541666666667 0.4583333333333333 0.6125 0.4703703703703704 0.6255208333333333 0.4703703703703704 0.6328125 0.4759259259259259 0.6364583333333333 0.4685185185185185 0.6427083333333333 0.4685185185185185 0.671875 0.4666666666666667 0.6739583333333333 0.4185185185185185 0.6729166666666667 0.4111111111111111 0.6708333333333333 0.4009259259259259 0.6729166666666667 0.3731481481481482 0.6729166666666667 0.36203703703703705 0.678125 0.3574074074074074 0.6755208333333333 0.3574074074074074 0.6546875 0.36203703703703705 0.6411458333333333 0.35555555555555557 0.6385416666666667 0.35555555555555557 0.6348958333333333 0.3685185185185185 0.63125 0.375 0.6197916666666666 0.38425925925925924 0.6119791666666666 0.39351851851851855 0.6083333333333333 0.40185185185185185 0.6083333333333333
0 0.3907407407407407 0.675 0.4 0.6765625 0.45 0.6755208333333333 0.4703703703703704 0.6854166666666667 0.4722222222222222 0.7098958333333333 0.4759259259259259 0.7125 0.4824074074074074 0.7130208333333333 0.48518518518518516 0.7166666666666667 0.47129629629629627 0.7234375 0.4740740740740741 0.7494791666666667 0.4703703703703704 0.7723958333333333 0.46574074074074073 0.7755208333333333 0.4527777777777778 0.7786458333333334 0.4462962962962963 0.778125 0.4361111111111111 0.7708333333333334 0.4101851851851852 0.765625 0.3925925925925926 0.7661458333333333 0.387037037037037 0.7640625 0.37777777777777777 0.7666666666666667 0.35833333333333334 0.7666666666666667 0.34444444444444444 0.7703125 0.33425925925925926 0.7697916666666667 0.33055555555555555 0.7588541666666667 0.33055555555555555 0.74375 0.3416666666666667 0.7203125 0.3277777777777778 0.7166666666666667 0.32685185185185184 0.7130208333333333 0.3435185185185185 0.7104166666666667 0.3611111111111111 0.6848958333333334 0.36944444444444446 0.6786458333333333 0.37777777777777777 0.675 0.38981481481481484 0.675
0 0.6361111111111111 0.6604166666666667 0.6657407407407407 0.6640625 0.6990740740740741 0.6645833333333333 0.7092592592592593 0.6708333333333333 0.7314814814814815 0.696875 0.7342592592592593 0.6984375 0.7481481481481481 0.6984375 0.7472222222222222 0.7020833333333333 0.7379629629629629 0.7057291666666666 0.7379629629629629 0.7104166666666667 0.7490740740740741 0.7307291666666667 0.75 0.7479166666666667 0.7444444444444445 0.7572916666666667 0.7305555555555555 0.7604166666666666 0.6962962962962963 0.7588541666666667 0.6731481481481482 0.7604166666666666 0.6388888888888888 0.7567708333333333 0.6157407407407407 0.7505208333333333 0.6111111111111112 0.73125 0.600925925925926 0.7098958333333333 0.5981481481481481 0.6864583333333333 0.6074074074074074 0.6645833333333333 0.6351851851851852 0.6604166666666667
0 0.4287037037037037 0.4515625 0.43796296296296294 0.4546875 0.44166666666666665 0.45989583333333334 0.4351851851851852 0.46927083333333336 0.425 0.46145833333333336 0.41574074074074074 0.45989583333333334 0.4185185185185185 0.45416666666666666 0.42777777777777776 0.4515625
0 0.462037037037037 0.50625 0.4759259259259259 0.50625 0.48148148148148145 0.5104166666666666 0.48333333333333334 0.515625 0.49074074074074076 0.5140625 0.4935185185185185 0.51875 0.49074074074074076 0.5203125 0.4564814814814815 0.5203125 0.4425925925925926 0.5244791666666667 0.4388888888888889 0.515625 0.44907407407407407 0.5072916666666667 0.46111111111111114 0.50625
0 0.1037037037037037 0.74375 0.1259259259259259 0.7442708333333333 0.13333333333333333 0.746875 0.1425925925925926 0.7588541666666667 0.15462962962962962 0.7671875 0.15925925925925927 0.7760416666666666 0.15833333333333333 0.8171875 0.15092592592592594 0.8546875 0.14351851851851852 0.8651041666666667 0.1287037037037037 0.8708333333333333 0.07962962962962963 0.9307291666666667 0.07222222222222222 0.9557291666666666 0.06111111111111111 0.9723958333333333 0.05092592592592592 0.978125 0.044444444444444446 0.978125 0.03796296296296296 0.975 0.02962962962962963 0.9739583333333334 0.006481481481481481 0.9786458333333333 0 0.9765625 0 0.8963541666666667 0.002777777777777778 0.8927083333333333 0.002777777777777778 0.878125 0 0.8734375 0 0.7541666666666667 0.006481481481481481 0.7494791666666667 0.019444444444444445 0.7453125 0.10277777777777777 0.74375
0 0.21481481481481482 0.6114583333333333 0.24537037037037038 0.6114583333333333 0.25092592592592594 0.6130208333333333 0.26851851851851855 0.625 0.2759259259259259 0.6369791666666667 0.26851851851851855 0.6734375 0.26481481481481484 0.6786458333333333 0.2564814814814815 0.6791666666666667 0.2518518518518518 0.6817708333333333 0.24444444444444444 0.6895833333333333 0.24166666666666667 0.7119791666666667 0.23333333333333334 0.7182291666666667 0.22685185185185186 0.7177083333333333 0.21944444444444444 0.7119791666666667 0.18981481481481483 0.715625 0.13796296296296295 0.7140625 0.11944444444444445 0.7171875 0.11203703703703703 0.7140625 0.10925925925925926 0.7098958333333333 0.10833333333333334 0.6989583333333333 0.1111111111111111 0.6921875 0.13055555555555556 0.6682291666666667 0.12314814814814815 0.6598958333333333 0.12962962962962962 0.6578125 0.1361111111111111 0.6583333333333333 0.14166666666666666 0.6552083333333333 0.18888888888888888 0.6135416666666667 0.19907407407407407 0.6114583333333333 0.21388888888888888 0.6114583333333333
0 0.3138888888888889 0.5385416666666667 0.3416666666666667 0.5385416666666667 0.35185185185185186 0.5463541666666667 0.3537037037037037 0.5625 0.3416666666666667 0.5760416666666667 0.33425925925925926 0.56875 0.32407407407407407 0.5640625 0.29074074074074074 0.5625 0.2814814814814815 0.5651041666666666 0.2712962962962963 0.5651041666666666 0.2722222222222222 0.5588541666666667 0.2851851851851852 0.5442708333333334 0.2972222222222222 0.5395833333333333 0.31296296296296294 0.5385416666666667
0 0.425 0.45989583333333334 0.43796296296296294 0.4635416666666667 0.43703703703703706 0.4739583333333333 0.43425925925925923 0.47708333333333336 0.42962962962962964 0.47760416666666666 0.41759259259259257 0.46822916666666664 0.4074074074074074 0.4666666666666667 0.4148148148148148 0.459375 0.42407407407407405 0.45989583333333334
0 0.2953703703703704 0.5635416666666667 0.32222222222222224 0.5640625 0.3314814814814815 0.5677083333333334 0.3398148148148148 0.5755208333333334 0.33796296296296297 0.5963541666666666 0.3277777777777778 0.6046875 0.325 0.6135416666666667 0.3175925925925926 0.615625 0.3138888888888889 0.6140625 0.26851851851851855 0.6145833333333334 0.24814814814814815 0.6098958333333333 0.24351851851851852 0.60625 0.24351851851851852 0.5979166666666667 0.24814814814814815 0.5885416666666666 0.24351851851851852 0.5807291666666666 0.25462962962962965 0.5802083333333333 0.27037037037037037 0.5671875 0.28888888888888886 0.5630208333333333 0.29444444444444445 0.5635416666666667
0 0.3435185185185185 0.5088541666666667 0.3490740740740741 0.5125 0.35648148148148145 0.5109375 0.37962962962962965 0.5182291666666666 0.37962962962962965 0.5395833333333333 0.3712962962962963 0.5473958333333333 0.35555555555555557 0.5494791666666666 0.3416666666666667 0.5380208333333333 0.32407407407407407 0.5369791666666667 0.3138888888888889 0.5385416666666667 0.3101851851851852 0.5364583333333334 0.3138888888888889 0.5229166666666667 0.32685185185185184 0.5145833333333333 0.3425925925925926 0.5088541666666667
0 0.45740740740740743 0.5583333333333333 0.4675925925925926 0.5645833333333333 0.47129629629629627 0.5703125 0.4740740740740741 0.6088541666666667 0.4703703703703704 0.6171875 0.4666666666666667 0.6166666666666667 0.4583333333333333 0.6098958333333333 0.4425925925925926 0.6067708333333334 0.3861111111111111 0.6072916666666667 0.3851851851851852 0.5880208333333333 0.3888888888888889 0.58125 0.38425925925925924 0.5776041666666667 0.39537037037037037 0.5723958333333333 0.40370370370370373 0.559375 0.4083333333333333 0.5567708333333333 0.4564814814814815 0.5583333333333333
0 0.46296296296296297 0.46770833333333334 0.4685185185185185 0.4703125 0.47962962962962963 0.46979166666666666 0.4861111111111111 0.4744791666666667 0.487962962962963 0.484375 0.4842592592592593 0.4890625 0.48148148148148145 0.48385416666666664 0.47314814814814815 0.4817708333333333 0.4601851851851852 0.4817708333333333 0.4527777777777778 0.48541666666666666 0.44722222222222224 0.484375 0.44722222222222224 0.48072916666666665 0.462037037037037 0.46822916666666664
0 0.40370370370370373 0.48072916666666665 0.3972222222222222 0.47291666666666665 0.4074074074074074 0.4661458333333333 0.42314814814814816 0.46927083333333336 0.42685185185185187 0.4828125 0.425 0.4859375 0.4148148148148148 0.4864583333333333 0.4046296296296296 0.48072916666666665
0 0.3972222222222222 0.478125 0.40925925925925927 0.4828125 0.41203703703703703 0.4869791666666667 0.41203703703703703 0.4979166666666667 0.4074074074074074 0.5026041666666666 0.39166666666666666 0.49635416666666665 0.3768518518518518 0.4947916666666667 0.37222222222222223 0.49114583333333334 0.38055555555555554 0.48125 0.3962962962962963 0.478125
0 0.45555555555555555 0.5401041666666667 0.462037037037037 0.5411458333333333 0.4703703703703704 0.5395833333333333 0.4898148148148148 0.5421875 0.4981481481481482 0.5557291666666667 0.49722222222222223 0.5739583333333333 0.4935185185185185 0.5802083333333333 0.475 0.5786458333333333 0.4685185185185185 0.5640625 0.4601851851851852 0.5588541666666667 0.4361111111111111 0.5572916666666666 0.42685185185185187 0.5541666666666667 0.4388888888888889 0.5421875 0.4546296296296296 0.5401041666666667
0 0.47685185185185186 0.48854166666666665 0.4861111111111111 0.4947916666666667 0.4898148148148148 0.5010416666666667 0.49074074074074076 0.5114583333333333 0.48703703703703705 0.515625 0.4842592592592593 0.515625 0.4824074074074074 0.5083333333333333 0.4777777777777778 0.50625 0.45555555555555555 0.5057291666666667 0.44537037037037036 0.509375 0.4444444444444444 0.5067708333333333 0.44537037037037036 0.49895833333333334 0.4527777777777778 0.4921875 0.47314814814814815 0.4921875 0.47685185185185186 0.4890625
0 0.3925925925925926 0.7677083333333333 0.4111111111111111 0.7682291666666666 0.4212962962962963 0.7713541666666667 0.43148148148148147 0.771875 0.4388888888888889 0.7755208333333333 0.4583333333333333 0.8005208333333333 0.4685185185185185 0.8234375 0.4685185185185185 0.8604166666666667 0.47129629629629627 0.8630208333333333 0.48055555555555557 0.8630208333333333 0.4842592592592593 0.8651041666666667 0.4842592592592593 0.8703125 0.4638888888888889 0.8796875 0.46574074074074073 0.9151041666666667 0.46296296296296297 0.9598958333333333 0.4583333333333333 0.9640625 0.43703703703703706 0.9713541666666666 0.41388888888888886 0.9734375 0.4009259259259259 0.9765625 0.33796296296296297 0.9755208333333333 0.33425925925925926 0.9770833333333333 0.29259259259259257 0.9760416666666667 0.28055555555555556 0.9723958333333333 0.25462962962962965 0.9703125 0.24722222222222223 0.9640625 0.24444444444444444 0.9317708333333333 0.25092592592592594 0.90625 0.26296296296296295 0.8786458333333333 0.2601851851851852 0.8755208333333333 0.24351851851851852 0.8697916666666666 0.24074074074074073 0.8645833333333334 0.24351851851851852 0.8614583333333333 0.25277777777777777 0.8614583333333333 0.2638888888888889 0.8645833333333334 0.26944444444444443 0.8619791666666666 0.2962962962962963 0.8114583333333333 0.3314814814814815 0.7723958333333333 0.34444444444444444 0.7723958333333333 0.3592592592592593 0.76875 0.3731481481481482 0.7697916666666667 0.39166666666666666 0.7677083333333333
0 0.6092592592592593 0.5765625 0.612037037037037 0.578125 0.6203703703703703 0.5765625 0.6685185185185185 0.578125 0.6796296296296296 0.5807291666666666 0.6888888888888889 0.5869791666666667 0.6981481481481482 0.5984375 0.6935185185185185 0.6072916666666667 0.6972222222222222 0.6166666666666667 0.7027777777777777 0.6213541666666667 0.7092592592592593 0.6192708333333333 0.7138888888888889 0.6223958333333334 0.7129629629629629 0.6265625 0.7083333333333334 0.6296875 0.7148148148148148 0.6479166666666667 0.7148148148148148 0.6604166666666667 0.7111111111111111 0.6682291666666667 0.6990740740740741 0.6630208333333333 0.6675925925925926 0.6625 0.6546296296296297 0.6604166666666667 0.6509259259259259 0.6578125 0.6416666666666667 0.6598958333333333 0.6055555555555555 0.6614583333333334 0.6018518518518519 0.646875 0.5935185185185186 0.6375 0.5925925925925926 0.60625 0.5953703703703703 0.58125 0.6083333333333333 0.5765625
0 0.7240740740740741 0.7640625 0.7324074074074074 0.7671875 0.7453703703703703 0.7651041666666667 0.7620370370370371 0.7651041666666667 0.7962962962962963 0.76875 0.812037037037037 0.7765625 0.8314814814814815 0.7942708333333334 0.8685185185185185 0.8375 0.8740740740740741 0.840625 0.8824074074074074 0.8364583333333333 0.8935185185185185 0.8364583333333333 0.8953703703703704 0.8380208333333333 0.8898148148148148 0.8447916666666667 0.8787037037037037 0.8479166666666667 0.8787037037037037 0.8515625 0.9092592592592592 0.8921875 0.9101851851851852 0.9166666666666666 0.9064814814814814 0.9354166666666667 0.9 0.9401041666666666 0.8851851851851852 0.9432291666666667 0.8287037037037037 0.946875 0.8148148148148148 0.9447916666666667 0.799074074074074 0.9458333333333333 0.7592592592592593 0.94375 0.7305555555555555 0.9390625 0.7 0.9260416666666667 0.6925925925925925 0.9192708333333334 0.6842592592592592 0.8802083333333334 0.6601851851851852 0.8328125 0.6601851851851852 0.79375 0.6666666666666666 0.7755208333333333 0.6759259259259259 0.7677083333333333 0.6842592592592592 0.7651041666666667 0.7231481481481481 0.7640625
0 0.4638888888888889 0.47604166666666664 0.47685185185185186 0.47604166666666664 0.4842592592592593 0.48020833333333335 0.48703703703703705 0.48333333333333334 0.48518518518518516 0.4921875 0.48333333333333334 0.49322916666666666 0.47685185185185186 0.4901041666666667 0.4703703703703704 0.49322916666666666 0.46296296296296297 0.4921875 0.45092592592592595 0.4942708333333333 0.4425925925925926 0.49114583333333334 0.4462962962962963 0.48854166666666665 0.44814814814814813 0.48125 0.45555555555555555 0.47708333333333336 0.46296296296296297 0.47604166666666664
0 0.5083333333333333 0.4661458333333333 0.5120370370370371 0.46822916666666664 0.5120370370370371 0.48020833333333335 0.5083333333333333 0.4822916666666667 0.5046296296296297 0.4796875 0.5046296296296297 0.471875 0.5083333333333333 0.4666666666666667
0 0.44166666666666665 0.44635416666666666 0.4462962962962963 0.44635416666666666 0.45092592592592595 0.4515625 0.45 0.46041666666666664 0.4425925925925926 0.46145833333333336 0.43796296296296294 0.453125 0.44166666666666665 0.446875
0 0.07361111111111111 0.4953125 0.06759259259259259 0.022916666666666665
2 0.5398148148148149 0.45729166666666665 0.5638888888888889 0.4630208333333333 0.5675925925925925 0.471875 0.575 0.4786458333333333 0.575 0.49114583333333334 0.5740740740740741 0.49270833333333336 0.55 0.49322916666666666 0.5398148148148149 0.5020833333333333 0.525 0.5036458333333333 0.5194444444444445 0.5015625 0.512962962962963 0.490625 0.5111111111111111 0.48020833333333335 0.5138888888888888 0.4630208333333333 0.5185185185185185 0.459375 0.5388888888888889 0.45729166666666665
2 0.5861111111111111 0.5020833333333333 0.6185185185185185 0.5046875 0.6333333333333333 0.5109375 0.6648148148148149 0.5447916666666667 0.6657407407407407 0.5744791666666667 0.6555555555555556 0.5760416666666667 0.5944444444444444 0.5760416666666667 0.5907407407407408 0.578125 0.5888888888888889 0.5953125 0.5824074074074074 0.5973958333333333 0.5694444444444444 0.596875 0.562962962962963 0.6010416666666667 0.5574074074074075 0.6010416666666667 0.5518518518518518 0.5958333333333333 0.5462962962962963 0.5770833333333333 0.5444444444444444 0.5322916666666667 0.5472222222222223 0.5140625 0.5518518518518518 0.50625 0.5851851851851851 0.5020833333333333