1 0.7832335329341318 0.8280346820809249 0.2562874251497006 0.2832369942196532
1 0.8796407185628743 0.41184971098265893 0.1473053892215569 0.13005780346820808
1 0.31137724550898205 0.4125722543352601 0.12694610778443113 0.12861271676300579
1 0.4664670658682635 0.22904624277456648 0.09461077844311377 0.11127167630057803
1 0.4431137724550898 0.1365606936416185 0.07425149700598803 0.07369942196531792
1 0.2838323353293413 0.19002890173410406 0.07425149700598803 0.08526011560693642
1 0.13592814371257486 0.34609826589595377 0.11377245508982035 0.14017341040462428
1 0.21616766467065868 0.12572254335260116 0.06826347305389222 0.07514450867052024
1 0.332934131736527 0.05491329479768786 0.055089820359281436 0.057803468208092484
1 0.41077844311377243 0.031791907514450865 0.05748502994011976 0.06358381502890173
1 0.25748502994011974 0.03395953757225433 0.05748502994011976 0.059248554913294796