2 0.5129179331306991 0.528479427549195 0.2127659574468085 0.5143112701252236
1 0.11272036474164134 0.4271019677996422 0.1722340425531915 0.19230769230769232
1 0.6883282674772037 0.2266010733452594 0.08232522796352584 0.11329159212880142
1 0.5749696048632219 0.11255813953488372 0.060790273556231005 0.07304114490161001
1 0.3761398176291793 0.08050089445438283 0.07092705167173252 0.1073345259391771
1 0.5781458966565349 0.021610017889087656 0.04179331306990881 0.04323792486583185
1 0.06965045592705167 0.13416815742397137 0.08864741641337386 0.0745438282647585
1 0.2039057750759878 0.049194991055456175 0.05825227963525836 0.04771019677996422
1 0.15513677811550153 0.04100178890876566 0.056990881458966566 0.04323792486583185
1 0.09563829787234042 0.04493738819320215 0.05889057750759878 0.040161001788908766
1 0.039802431610942254 0.03942754919499106 0.053601823708206695 0.03967799642218247
1 0.2601063829787234 0.01887298747763864 0.054817629179331306 0.03776386404293381