1 0.5526 0.7976282051282052 0.16494285714285714 0.1908653846153846
1 0.7623428571428571 0.681826923076923 0.15325714285714287 0.16025641025641027
1 0.8818285714285714 0.3955448717948718 0.07531428571428571 0.06266025641025641
1 0.5461142857142857 0.5769230769230769 0.11557142857142857 0.12237179487179486
1 0.5474 0.48294871794871796 0.0922 0.08596153846153846
1 0.41948571428571424 0.4559935897435898 0.08571428571428572 0.07868589743589743
1 0.44025714285714285 0.3955448717948718 0.07014285714285715 0.06266025641025641
1 0.3564857142857143 0.6934615384615385 0.14674285714285715 0.13112179487179487
1 0.5435142857142857 0.3139423076923077 0.05585714285714286 0.04807692307692308
1 0.5668857142857143 0.24474358974358973 0.04285714285714286 0.04080128205128205
1 0.4604 0.26224358974358974 0.05585714285714286 0.04951923076923077