1 0.8027375000000001 0.9243111111111111 0.18359375 0.15138888888888888
1 0.4746125 0.9382 0.20859375 0.12361111111111112
1 0.7375 0.7243111111111111 0.153125 0.1986111111111111
1 0.9168000000000001 0.46111111111111114 0.13359375 0.19444444444444445
1 0.4668 0.7333333333333333 0.17421875 0.25555555555555554
1 0.501175 0.5770888888888889 0.16640625 0.24861111111111112
1 0.7207062500000001 0.5277777777777778 0.12109375 0.16111111111111112
1 0.1515625 0.8270888888888889 0.240625 0.3458333333333333
1 0.25429999999999997 0.5965333333333334 0.14453125 0.24305555555555555
1 0.05234375 0.5305555555555556 0.1046875 0.16944444444444445
1 0.08671875 0.4 0.1109375 0.17222222222222222
1 0.15195625 0.3395888888888889 0.08984375 0.1486111111111111
1 0.2890625 0.41042222222222224 0.1109375 0.1375
1 0.500775 0.3841777777777778 0.11576874999999999 0.16253333333333334
1 0.68719375 0.41742222222222225 0.10745625 0.1424888888888889
1 0.7982125000000001 0.3461888888888889 0.10389374999999999 0.1351
1 0.6827375000000001 0.27494444444444444 0.0926125 0.1467111111111111
1 0.34814375 0.32488888888888884 0.09008749999999999 0.1242888888888889
1 0.514475 0.2248 0.08305 0.1292888888888889
1 0.37183750000000004 0.2373111111111111 0.07835625 0.09926666666666667
1 0.6674375 0.14805555555555555 0.07929375 0.11594444444444443
1 0.65546875 0.08716666666666667 0.0675625 0.10260000000000001
1 0.6284937500000001 0.04671111111111111 0.05114375 0.07173333333333333
1 0.535825 0.12345555555555555 0.06475 0.08842222222222222
1 0.55130625 0.07298888888888888 0.0656875 0.08925555555555556
1 0.4218125 0.1247 0.0760125 0.11427777777777777
1 0.16704375 0.15731111111111112 0.070025 0.10776666666666666
1 0.294725 0.16381111111111113 0.06828125 0.09723333333333334
1 0.28270625 0.13036666666666666 0.0665375 0.09352222222222223
1 0.25745 0.07463333333333333 0.0508625 0.07246666666666667
1 0.3104 0.05512222222222222 0.048775000000000006 0.0706
1 0.369275 0.046144444444444446 0.049468750000000006 0.0675111111111111
1 0.23585 0.03902222222222222 0.05783125 0.07680000000000001
1 0.4631625 0.0322 0.04911875 0.06441111111111111
1 0.02229375 0.07529999999999999 0.0445875 0.0951111111111111