1 0.8247420634920635 0.8891460674157303 0.25793650793650796 0.2142247191011236
1 0.4834722222222222 0.7962471910112359 0.24736111111111111 0.2591685393258427
1 0.2116468253968254 0.7093707865168539 0.23015873015873015 0.2262247191011236
1 0.7195833333333334 0.6119775280898876 0.19047619047619047 0.19325842696629214
1 0.8042261904761905 0.41871910112359556 0.15609126984126984 0.15431460674157305
1 0.5839880952380953 0.298876404494382 0.13359126984126984 0.12734831460674156
1 0.4662698412698413 0.34831460674157305 0.07275793650793651 0.1363370786516854
1 0.7070039682539683 0.20600000000000002 0.1256547619047619 0.11835955056179776
1 0.5132341269841271 0.20973033707865169 0.13228174603174603 0.10786516853932585
1 0.35714285714285715 0.1490561797752809 0.10317460317460317 0.08838202247191011
1 0.46369047619047615 0.058966292134831455 0.09767857142857142 0.08752808988764045
1 0.5699404761904762 0.046494382022471914 0.08908730158730159 0.08206741573033709
1 0.33865079365079365 0.03251685393258427 0.08801587301587302 0.06503370786516854
0 0.2993849206349206 0.41060674157303373 0.27865079365079365 0.40186516853932586