1 0.15920289855072464 0.7414077669902912 0.24594202898550724 0.2353398058252427
1 0.12902173913043477 0.5251456310679612 0.2009057971014493 0.1912135922330097
1 0.14655797101449278 0.3832038834951456 0.20971014492753623 0.22800970873786408
1 0.13670289855072462 0.22946601941747574 0.1877536231884058 0.15888349514563105
1 0.13778985507246377 0.12354368932038835 0.15920289855072464 0.12063106796116506
1 0.16797101449275362 0.07063106796116506 0.1317391304347826 0.14121359223300972
1 0.6735869565217392 0.9118932038834952 0.30634057971014494 0.1762135922330097
1 0.6571014492753624 0.8289320388349514 0.2623913043478261 0.22800970873786408
1 0.5994565217391304 0.6700485436893204 0.2371376811594203 0.26038834951456313
1 0.866268115942029 0.6185436893203884 0.243731884057971 0.26917475728155343
1 0.7197101449275362 0.3640776699029126 0.20971014492753623 0.1985922330097087
1 0.5105434782608695 0.5347087378640777 0.21079710144927535 0.1985922330097087
1 0.4770652173913043 0.42436893203883497 0.2009057971014493 0.18092233009708739
1 0.44960144927536233 0.2942233009708738 0.17456521739130434 0.16771844660194174
1 0.4111594202898551 0.22359223300970874 0.16141304347826085 0.17946601941747573
1 0.6582246376811594 0.1287378640776699 0.13286231884057972 0.15446601941747573
1 0.3760507246376812 0.03825242718446602 0.11967391304347827 0.07650485436893203