1 0.090392749244713 0.5389067524115756 0.12371601208459215 0.11225080385852089
1 0.1605740181268882 0.4747588424437299 0.10546827794561932 0.09707395498392284
1 0.12332326283987916 0.38909967845659166 0.1086404833836858 0.08778135048231511
0 0.41356495468277943 0.28739549839228296 0.13719033232628397 0.10720257234726689
0 0.22957703927492445 0.27472668810289386 0.11658610271903325 0.08019292604501609
0 0.5388519637462236 0.22282958199356911 0.09595166163141994 0.06581993569131832
0 0.7682779456193354 0.36083601286173633 0.12462235649546828 0.15768488745980708
1 0.6126586102719033 0.9339549839228295 0.2769486404833837 0.13205787781350484
1 0.08253776435045318 0.877620578778135 0.1650453172205438 0.23372990353697748
1 0.4636858006042296 0.774887459807074 0.20842900302114803 0.1920578778135048
1 0.7455589123867069 0.76 0.1734441087613293 0.21289389067524114
1 0.831570996978852 0.5619935691318328 0.1188821752265861 0.13250803858520901
1 0.8637462235649546 0.4428938906752412 0.08812688821752267 0.10868167202572346
1 0.6972809667673716 0.4927652733118971 0.11329305135951662 0.11315112540192926
1 0.5853776435045317 0.607395498392283 0.1524773413897281 0.1339871382636656
1 0.25108761329305135 0.6632475884244373 0.19444108761329304 0.16524115755627009
1 0.42978851963746223 0.5410610932475884 0.15084592145015105 0.1460128617363344
1 0.5501812688821752 0.47385852090032154 0.09540785498489425 0.11604501607717042
1 0.6051359516616315 0.43324758842443734 0.08540785498489425 0.07543408360128617
1 0.6446827794561933 0.4022829581993569 0.07359516616314199 0.06768488745980708
1 0.8964350453172206 0.3734726688102894 0.05776435045317221 0.07884244372990354