1 0.8578917910447761 0.6365154639175258 0.28423507462686565 0.16905154639175257
1 0.6431902985074627 0.6038969072164948 0.15511194029850747 0.12738144329896908
1 0.7200373134328358 0.5303711340206186 0.06972014925373134 0.06841237113402061
1 0.5987313432835821 0.5582886597938144 0.10173507462686568 0.08492783505154639
1 0.5538992537313433 0.5244742268041237 0.06332089552238805 0.06447422680412371
0 0.639589552238806 0.4890515463917526 0.08645522388059702 0.07663917525773196
1 0.11 0.5556494845360825 0.14417910447761195 0.13461855670103093
1 0.23430970149253733 0.6325773195876289 0.24486940298507462 0.15247422680412373
1 0.38936567164179103 0.5889690721649484 0.11248134328358209 0.1023298969072165
1 0.40552238805970153 0.5405360824742269 0.08638059701492537 0.08105154639175258
1 0.4632089552238806 0.48200000000000004 0.0328544776119403 0.03754639175257732
1 0.4096455223880597 0.48282474226804123 0.037705223880597015 0.03424742268041237