0 0.6045 0.6816666666666666 0.63525 0.6961666666666667 0.64125 0.7065 0.63875 0.714 0.62275 0.7278333333333333 0.6125 0.7298333333333333 0.5835 0.7435 0.56675 0.7531666666666667 0.55725 0.762 0.5365 0.7673333333333333 0.52975 0.7663333333333333 0.512 0.7585 0.496 0.7483333333333333 0.4945 0.7375 0.498 0.7298333333333333 0.5025 0.7273333333333334 0.50325 0.7226666666666667 0.50875 0.7178333333333333 0.57475 0.685 0.5965 0.681 0.60425 0.6816666666666666
0 0.9195 0.5265 0.9335 0.529 0.9505 0.5365 0.9525 0.5441666666666667 0.95 0.5505 0.90425 0.5763333333333334 0.8935 0.5846666666666667 0.8805 0.5868333333333333 0.86975 0.5855 0.85125 0.5781666666666667 0.84575 0.574 0.84525 0.5665 0.85225 0.5593333333333333 0.873 0.5478333333333333 0.889 0.535 0.91925 0.5265
0 0.82 0.6566666666666666 0.83775 0.6613333333333333 0.8495 0.6683333333333333 0.8525 0.6738333333333333 0.85 0.6835 0.8445 0.6895 0.835 0.692 0.817 0.7016666666666667 0.7835 0.7241666666666666 0.7665 0.728 0.755 0.7266666666666667 0.737 0.7205 0.729 0.7133333333333334 0.7295 0.702 0.781 0.6678333333333333 0.79 0.6655 0.8045 0.6573333333333333 0.81975 0.6566666666666666
0 0.38975 0 0.427 0 0.42875 0.014166666666666666 0.4285 0.01633333333333333 0.4255 0.016166666666666666 0.422 0.0115 0.39225 0.011833333333333333 0.38925 0.008833333333333334 0.38975 0.00016666666666666666
0 0.9745 0.565 0.99975 0.5703333333333334 0.99975 0.5908333333333333 0.99225 0.5993333333333334 0.95825 0.6178333333333333 0.9495 0.6266666666666667 0.93125 0.6301666666666667 0.91175 0.627 0.89775 0.6193333333333333 0.89375 0.6163333333333333 0.894 0.6085 0.90625 0.5976666666666667 0.93175 0.5835 0.94275 0.5748333333333333 0.95325 0.573 0.96525 0.566 0.97425 0.565
0 0.49325 0.8315 0.5045 0.8333333333333334 0.526 0.8466666666666667 0.53025 0.8555 0.52625 0.8668333333333333 0.5155 0.8756666666666667 0.50125 0.8781666666666667 0.49325 0.8816666666666667 0.463 0.8981666666666667 0.44625 0.9118333333333334 0.436 0.9153333333333333 0.418 0.9128333333333334 0.40575 0.9031666666666667 0.39725 0.9018333333333334 0.39025 0.898 0.386 0.8888333333333334 0.3925 0.8733333333333333 0.44675 0.842 0.453 0.8403333333333334 0.4605 0.843 0.4805 0.8335 0.493 0.8315
0 0.43575 0.7853333333333333 0.4475 0.7885 0.46175 0.7965 0.46625 0.8036666666666666 0.46425 0.811 0.45625 0.8188333333333333 0.4475 0.8205 0.405 0.8408333333333333 0.39475 0.8493333333333334 0.385 0.8508333333333333 0.36625 0.8463333333333334 0.349 0.8348333333333333 0.34775 0.828 0.35225 0.8213333333333334 0.36625 0.81 0.381 0.8043333333333333 0.4005 0.7923333333333333 0.4285 0.7851666666666667 0.4355 0.7853333333333333
0 0.1975 0.8006666666666666 0.20825 0.8033333333333333 0.2235 0.8143333333333334 0.22775 0.824 0.224 0.8351666666666666 0.21425 0.8425 0.18825 0.8508333333333333 0.1675 0.8628333333333333 0.1495 0.8688333333333333 0.14225 0.8765 0.1285 0.8831666666666667 0.095 0.8813333333333333 0.0745 0.8693333333333333 0.06825 0.8595 0.06925 0.8558333333333333 0.0865 0.8415 0.1335 0.8171666666666667 0.1475 0.8125 0.16725 0.8093333333333333 0.17175 0.8053333333333333 0.182 0.8018333333333333 0.19725 0.8006666666666666
0 0.30175 0.0835 0.321 0.08466666666666667 0.33475 0.08833333333333333 0.345 0.09366666666666666 0.36575 0.09866666666666667 0.38175 0.1055 0.38425 0.109 0.3825 0.11283333333333333 0.36425 0.12366666666666666 0.29525 0.1105 0.26825 0.1005 0.26325 0.09183333333333334 0.269 0.08516666666666667 0.2755 0.08333333333333333 0.3015 0.0835
0 0.66525 0.7411666666666666 0.68175 0.7471666666666666 0.68925 0.7538333333333334 0.691 0.7623333333333333 0.6865 0.7696666666666667 0.6785 0.7765 0.66925 0.7788333333333334 0.658 0.7871666666666667 0.62675 0.8016666666666666 0.616 0.811 0.59225 0.8153333333333334 0.577 0.811 0.56275 0.8035 0.55725 0.797 0.5575 0.7895 0.56425 0.7833333333333333 0.6155 0.7536666666666667 0.644 0.7416666666666667 0.665 0.7411666666666666
0 0.465 0.662 0.484 0.664 0.49775 0.669 0.50625 0.6786666666666666 0.50525 0.686 0.49425 0.6935 0.43225 0.723 0.415 0.7236666666666667 0.39725 0.7185 0.38475 0.7105 0.38275 0.703 0.38575 0.6965 0.4215 0.6793333333333333 0.4355 0.6703333333333333 0.454 0.6631666666666667 0.46475 0.662
0 0.3835 0.1175 0.4155 0.12766666666666668 0.47975 0.14316666666666666 0.4905 0.1475 0.496 0.151 0.5 0.15966666666666668 0.5135 0.168 0.51025 0.17566666666666667 0.50275 0.18166666666666667 0.49475 0.18566666666666667 0.48725 0.186 0.415 0.17016666666666666 0.40775 0.17116666666666666 0.36425 0.15516666666666667 0.363 0.1475 0.35625 0.137 0.35925 0.13416666666666666 0.363 0.13433333333333333 0.3645 0.12983333333333333 0.37225 0.12283333333333334 0.38325 0.11766666666666667
0 0.2215 0.8925 0.23475 0.8956666666666667 0.24675 0.9043333333333333 0.251 0.918 0.24825 0.9221666666666667 0.23425 0.9326666666666666 0.22025 0.9353333333333333 0.167 0.959 0.151 0.9706666666666667 0.1275 0.9743333333333334 0.11625 0.9723333333333334 0.098 0.959 0.0945 0.9533333333333334 0.095 0.944 0.11575 0.9301666666666667 0.1435 0.9165 0.15875 0.9118333333333334 0.17225 0.903 0.18575 0.9011666666666667 0.20575 0.8931666666666667 0.22125 0.8925
0 0.797 0.5933333333333334 0.81775 0.5985 0.8235 0.6023333333333334 0.8265 0.6093333333333333 0.8215 0.6191666666666666 0.77875 0.6393333333333333 0.769 0.6488333333333334 0.75675 0.65 0.7415 0.6488333333333334 0.7235 0.6396666666666667 0.72075 0.6335 0.722 0.6266666666666667 0.767 0.5976666666666667 0.79675 0.5933333333333334
0 0.7415 0.187 0.7725 0.1875 0.79275 0.18983333333333333 0.8325 0.20033333333333334 0.8365 0.204 0.835 0.22416666666666665 0.8315 0.22916666666666666 0.821 0.22866666666666666 0.7515 0.21383333333333332 0.73675 0.2135 0.7335 0.21 0.7315 0.19583333333333333 0.7335 0.1915 0.73775 0.19066666666666668 0.74125 0.187
0 0.2745 0.94 0.28775 0.9448333333333333 0.29825 0.9523333333333334 0.3025 0.9591666666666666 0.302 0.9666666666666667 0.2895 0.978 0.27025 0.983 0.247 0.9946666666666667 0.236 0.998 0.23575 0.9998333333333334 0.2325 0.9998333333333334 0.231 0.9976666666666667 0.22925 0.9998333333333334 0.1575 0.9998333333333334 0.15825 0.9913333333333333 0.16475 0.985 0.23175 0.9486666666666667 0.2655 0.94 0.27425 0.94
0 0.3335 0 0.33825 0 0.3385 0.0018333333333333333 0.33875 0 0.36925 0 0.374 0.010333333333333333 0.37825 0.012 0.3765 0.013666666666666667 0.3695 0.009 0.36275 0.017833333333333333 0.35225 0.016 0.34525 0.0205 0.3395 0.012833333333333334 0.3315 0.012166666666666666 0.3335 0.00016666666666666666