0 0.34655898876404495 0.7229477611940298 0.3591994382022472 0.7245802238805971 0.386938202247191 0.7231809701492538 0.39360955056179775 0.7255130597014925 0.40379213483146065 0.734375 0.37605337078651685 0.7388059701492538 0.35674157303370785 0.7525652985074627 0.34831460674157305 0.7546641791044776 0.34515449438202245 0.757929104477612 0.3419943820224719 0.7574626865671642 0.33146067415730335 0.7481343283582089 0.3240870786516854 0.730410447761194 0.33075842696629215 0.7238805970149254 0.34620786516853935 0.7229477611940298
0 0.030547752808988762 0.7033582089552238 0.03651685393258427 0.706856343283582 0.04002808988764045 0.7143190298507462 0.04459269662921348 0.7166511194029851 0.04318820224719101 0.7180503731343284 0.03195224719101124 0.7166511194029851 0.0017556179775280898 0.7182835820895522 0 0.7047574626865671 0.030196629213483147 0.7033582089552238
0 0.3767556179775281 0.7054570895522388 0.40484550561797755 0.7075559701492538 0.4160814606741573 0.7124533582089553 0.42275280898876405 0.7201492537313433 0.42521067415730335 0.7308768656716418 0.4216994382022472 0.7341417910447762 0.41502808988764045 0.7355410447761194 0.398876404494382 0.734375 0.3950140449438202 0.7278451492537313 0.3862359550561798 0.7238805970149254 0.36025280898876405 0.7250466417910447 0.3549859550561798 0.7231809701492538 0.3532303370786517 0.7203824626865671 0.36235955056179775 0.7073227611940298 0.37640449438202245 0.7054570895522388
0 0.6594101123595506 0.7192164179104478 0.6653792134831461 0.7217817164179104 0.6716994382022472 0.730643656716418 0.6716994382022472 0.7339085820895522 0.6692415730337079 0.7346082089552238 0.6408005617977528 0.7308768656716418 0.6474719101123596 0.722714552238806 0.6590589887640449 0.7192164179104478
0 0.7819522471910112 0.7138526119402985 0.8002106741573034 0.7138526119402985 0.8107443820224719 0.7173507462686567 0.8139044943820225 0.7203824626865671 0.8114466292134831 0.7269123134328358 0.8009129213483146 0.7299440298507462 0.7924859550561798 0.7283115671641791 0.7826544943820225 0.7210820895522388 0.7661516853932584 0.7168843283582089 0.7759831460674157 0.7136194029850746 0.7816011235955056 0.7138526119402985
0 0.84375 0.7532649253731343 0.8809691011235955 0.757695895522388 0.8936095505617978 0.7611940298507462 0.9283707865168539 0.7789179104477612 0.9877106741573034 0.7987406716417911 0.995435393258427 0.8127332089552238 0.995435393258427 0.8239272388059702 0.9845505617977528 0.8393190298507462 0.980688202247191 0.8421175373134329 0.9705056179775281 0.8432835820895522 0.9564606741573034 0.8416511194029851 0.9466292134831461 0.8351212686567164 0.894311797752809 0.8376865671641791 0.863061797752809 0.8365205223880597 0.8349719101123596 0.8425839552238806 0.8237359550561798 0.840018656716418 0.8153089887640449 0.8246268656716418 0.8061797752808989 0.8143656716417911 0.805126404494382 0.8038712686567164 0.8100421348314607 0.7966417910447762 0.8139044943820225 0.8031716417910447 0.8174157303370787 0.8001399253731343 0.8293539325842697 0.8071361940298507 0.8416432584269663 0.8199626865671642 0.8514747191011236 0.8199626865671642 0.855688202247191 0.8176305970149254 0.8184691011235955 0.7751865671641791 0.8093398876404494 0.7684235074626866 0.8093398876404494 0.7551305970149254 0.8237359550561798 0.7527985074626866 0.8433988764044944 0.7532649253731343
0 0.8595505617977528 0.7252798507462687 0.8837780898876404 0.7287779850746269 0.8865870786516854 0.7541977611940298 0.8837780898876404 0.7565298507462687 0.8518258426966292 0.7525652985074627 0.8205758426966292 0.7520988805970149 0.8072331460674157 0.7544309701492538 0.793188202247191 0.7483675373134329 0.7763342696629213 0.7523320895522388 0.7700140449438202 0.7516324626865671 0.7724719101123596 0.7430037313432836 0.7794943820224719 0.7376399253731343 0.7935393258426966 0.7329757462686567 0.800561797752809 0.7327425373134329 0.8128511235955056 0.7285447761194029 0.8528792134831461 0.7273787313432836 0.8591994382022472 0.7252798507462687
0 0.20470505617977527 0.6949626865671642 0.2148876404494382 0.6958955223880597 0.21418539325842698 0.699393656716418 0.20470505617977527 0.7054570895522388 0.2033005617977528 0.7126865671641791 0.1896067415730337 0.7145522388059702 0.18117977528089887 0.7124533582089553 0.18469101123595505 0.7012593283582089 0.1931179775280899 0.6958955223880597 0.20435393258426968 0.6949626865671642
0 0.03195224719101124 0.7171175373134329 0.06952247191011236 0.7178171641791045 0.0761938202247191 0.7194496268656716 0.08637640449438203 0.7364738805970149 0.0877808988764045 0.7513992537313433 0.0839185393258427 0.7625932835820896 0.07794943820224719 0.7663246268656716 0.06671348314606741 0.7653917910447762 0.06214887640449438 0.7404384328358209 0.05793539325842697 0.734375 0.04985955056179775 0.7294776119402985 0.025632022471910113 0.7259794776119403 0 0.7297108208955224 0 0.7199160447761194 0.013342696629213483 0.7173507462686567 0.03160112359550562 0.7171175373134329
0 0.39782303370786515 0.7355410447761194 0.41467696629213485 0.7376399253731343 0.41116573033707865 0.7425373134328358 0.40098314606741575 0.7444029850746269 0.38377808988764045 0.7567630597014925 0.3693820224719101 0.7567630597014925 0.36271067415730335 0.7628264925373134 0.35077247191011235 0.7653917910447762 0.3458567415730337 0.7649253731343284 0.34375 0.7623600746268657 0.34375 0.757695895522388 0.34901685393258425 0.7527985074626866 0.37254213483146065 0.7392723880597015 0.382373595505618 0.7364738805970149 0.39747191011235955 0.7355410447761194
0 0.5063202247191011 0.7084888059701493 0.5361657303370787 0.7091884328358209 0.5445926966292135 0.7168843283582089 0.543188202247191 0.7206156716417911 0.5245786516853933 0.7222481343283582 0.5052668539325843 0.7276119402985075 0.47155898876404495 0.7283115671641791 0.4652387640449438 0.7273787313432836 0.46629213483146065 0.7231809701492538 0.48103932584269665 0.710820895522388 0.49087078651685395 0.7084888059701493 0.5059691011235955 0.7084888059701493
0 0.38342696629213485 0.6893656716417911 0.39150280898876405 0.6923973880597015 0.39571629213483145 0.7028917910447762 0.38799157303370785 0.7061567164179104 0.36622191011235955 0.7054570895522388 0.3609550561797753 0.7033582089552238 0.363061797752809 0.6926305970149254 0.3830758426966292 0.6895988805970149
0 0.8634129213483146 0.7003264925373134 0.8771067415730337 0.703125 0.8792134831460674 0.7098880597014925 0.8732443820224719 0.7143190298507462 0.8574438202247191 0.7159514925373134 0.8353230337078652 0.714785447761194 0.8209269662921348 0.7101212686567164 0.8135533707865169 0.7101212686567164 0.8121488764044944 0.7052238805970149 0.8205758426966292 0.7007929104477612 0.863061797752809 0.7003264925373134
0 0.04353932584269663 0.6977611940298507 0.05196629213483146 0.699160447761194 0.061446629213483143 0.7035914179104478 0.06390449438202248 0.7101212686567164 0.061095505617977525 0.7161847014925373 0.04529494382022472 0.7173507462686567 0.037570224719101125 0.7131529850746269 0.033356741573033706 0.7054570895522388 0.021067415730337078 0.7028917910447762 0.02282303370786517 0.6996268656716418 0.04318820224719101 0.6979944029850746
0 0.9912219101123596 0.746268656716418 0.9996488764044944 0.7504664179104478 0.9996488764044944 0.8076026119402985 0.9947331460674157 0.8080690298507462 0.9894662921348315 0.7987406716417911 0.9845505617977528 0.7954757462686567 0.942064606741573 0.7824160447761194 0.9357443820224719 0.7779850746268657 0.9252106741573034 0.7758861940298507 0.9304775280898876 0.7688899253731343 0.9462780898876404 0.7639925373134329 0.9533005617977528 0.7593283582089553 0.988061797752809 0.7506996268656716 0.9908707865168539 0.7465018656716418
0 0.43679775280898875 0.7369402985074627 0.4575140449438202 0.7376399253731343 0.4473314606741573 0.757929104477612 0.4455758426966292 0.7742537313432836 0.41116573033707865 0.7670242537313433 0.4041432584269663 0.761893656716418 0.40098314606741575 0.7621268656716418 0.39782303370786515 0.7572294776119403 0.3929073033707865 0.7551305970149254 0.39747191011235955 0.7530317164179104 0.3999297752808989 0.7476679104477612 0.4044943820224719 0.7472014925373134 0.413623595505618 0.7390391791044776 0.43644662921348315 0.7369402985074627
0 0.922752808988764 0.7271455223880597 0.9701544943820225 0.7311100746268657 0.9841994382022472 0.7371735074626866 0.9943820224719101 0.7453358208955224 0.9964887640449438 0.7479011194029851 0.9943820224719101 0.7502332089552238 0.9722612359550562 0.753964552238806 0.9533005617977528 0.7597947761194029 0.949438202247191 0.7583955223880597 0.932935393258427 0.7371735074626866 0.9231039325842697 0.7308768656716418 0.9224016853932584 0.7271455223880597
0 0.24578651685393257 0.7213152985074627 0.288623595505618 0.722481343283582 0.30372191011235955 0.7208488805970149 0.31390449438202245 0.7234141791044776 0.32514044943820225 0.730410447761194 0.3297050561797753 0.7430037313432836 0.33532303370786515 0.7490671641791045 0.31495786516853935 0.7395055970149254 0.3012640449438202 0.7364738805970149 0.2830056179775281 0.7360074626865671 0.2612359550561798 0.7388059701492538 0.21629213483146068 0.7360074626865671 0.21348314606741572 0.7341417910447762 0.22366573033707865 0.7259794776119403 0.2341994382022472 0.7217817164179104 0.24543539325842698 0.7213152985074627
0 0.3455056179775281 0.7670242537313433 0.36587078651685395 0.7670242537313433 0.36973314606741575 0.7691231343283582 0.3851825842696629 0.7674906716417911 0.40695224719101125 0.7684235074626866 0.43995786516853935 0.7749533582089553 0.45610955056179775 0.7817164179104478 0.4827949438202247 0.7982742537313433 0.5189606741573034 0.8115671641791045 0.5245786516853933 0.8176305970149254 0.5305477528089888 0.8495802238805971 0.5196629213483146 0.8575093283582089 0.5136938202247191 0.8659048507462687 0.5059691011235955 0.8684701492537313 0.49087078651685395 0.8675373134328358 0.47717696629213485 0.8570429104477612 0.46348314606741575 0.8596082089552238 0.4392556179775281 0.8605410447761194 0.35990168539325845 0.8572761194029851 0.35217696629213485 0.8640391791044776 0.3419943820224719 0.8649720149253731 0.33497191011235955 0.8635727611940298 0.32514044943820225 0.8537779850746269 0.3167134831460674 0.8542444029850746 0.3103932584269663 0.8519123134328358 0.29985955056179775 0.8537779850746269 0.28125 0.8509794776119403 0.269311797752809 0.8519123134328358 0.26299157303370785 0.859375 0.25842696629213485 0.8610074626865671 0.2345505617977528 0.8598414179104478 0.2303370786516854 0.8526119402985075 0.2345505617977528 0.8213619402985075 0.230688202247191 0.7999067164179104 0.2341994382022472 0.7940764925373134 0.2580758426966292 0.7824160447761194 0.26860955056179775 0.7798507462686567 0.2752808988764045 0.7749533582089553 0.28616573033707865 0.7719216417910447 0.29353932584269665 0.7709888059701493 0.30021067415730335 0.7728544776119403 0.3103932584269663 0.7691231343283582 0.34515449438202245 0.7672574626865671
0 0.620435393258427 0.730643656716418 0.6404494382022472 0.7311100746268657 0.6688904494382022 0.7357742537313433 0.6875 0.7511660447761194 0.6892556179775281 0.7758861940298507 0.6787219101123596 0.7952425373134329 0.6752106741573034 0.7959421641791045 0.6639747191011236 0.7917444029850746 0.6432584269662921 0.7898787313432836 0.6429073033707865 0.7770522388059702 0.6383426966292135 0.7646921641791045 0.6264044943820225 0.7558302238805971 0.6095505617977528 0.7504664179104478 0.5909410112359551 0.7376399253731343 0.589185393258427 0.7339085820895522 0.5912921348314607 0.7327425373134329 0.6200842696629213 0.730643656716418
0 0.021067415730337078 0.7269123134328358 0.047050561797752806 0.7285447761194029 0.05898876404494382 0.7367070895522388 0.06495786516853932 0.75 0.06566011235955056 0.761893656716418 0.061446629213483143 0.7761194029850746 0.05723314606741573 0.7791511194029851 0.051264044943820225 0.7777518656716418 0.04353932584269663 0.7712220149253731 0.038974719101123594 0.7726212686567164 0.03616573033707865 0.7765858208955224 0.02914325842696629 0.7777518656716418 0.01544943820224719 0.7686567164179104 0.0052668539325842695 0.7686567164179104 0 0.7653917910447762 0 0.7299440298507462 0.02071629213483146 0.7269123134328358
0 0.2966994382022472 0.6916977611940298 0.3082865168539326 0.6989272388059702 0.30969101123595505 0.707089552238806 0.30407303370786515 0.7103544776119403 0.2868679775280899 0.710820895522388 0.26088483146067415 0.7105876865671642 0.2577247191011236 0.7073227611940298 0.2580758426966292 0.6998600746268657 0.26474719101123595 0.6958955223880597 0.2777387640449438 0.6923973880597015 0.29634831460674155 0.6916977611940298
0 0.23349719101123595 0.6926305970149254 0.2443820224719101 0.6937966417910447 0.2542134831460674 0.699160447761194 0.25667134831460675 0.7101212686567164 0.25105337078651685 0.7119869402985075 0.22191011235955055 0.7133861940298507 0.20646067415730338 0.7129197761194029 0.2011938202247191 0.7101212686567164 0.20189606741573032 0.7077891791044776 0.2166432584269663 0.6958955223880597 0.23314606741573032 0.6926305970149254
0 0.2907303370786517 0.7360074626865671 0.3107443820224719 0.7376399253731343 0.324438202247191 0.7430037313432836 0.3416432584269663 0.7583955223880597 0.34304775280898875 0.7625932835820896 0.3381320224719101 0.7660914179104478 0.32478932584269665 0.7649253731343284 0.31706460674157305 0.757695895522388 0.30758426966292135 0.7527985074626866 0.27668539325842695 0.7497667910447762 0.26474719101123595 0.7458022388059702 0.25877808988764045 0.7411380597014925 0.25842696629213485 0.7371735074626866 0.29037921348314605 0.7360074626865671
0 0.1622191011235955 0.722481343283582 0.175561797752809 0.7234141791044776 0.18433988764044945 0.726445895522388 0.19592696629213482 0.734375 0.19417134831460675 0.7376399253731343 0.16537921348314608 0.7388059701492538 0.1464185393258427 0.7427705223880597 0.12148876404494383 0.757929104477612 0.11622191011235955 0.7637593283582089 0.10603932584269662 0.7623600746268657 0.10217696629213484 0.7583955223880597 0.10077247191011236 0.7455690298507462 0.1074438202247191 0.7348414179104478 0.11973314606741572 0.726679104477612 0.13974719101123595 0.7234141791044776 0.1618679775280899 0.722481343283582
0 0.675561797752809 0.7339085820895522 0.733497191011236 0.7346082089552238 0.7538623595505618 0.7411380597014925 0.7587780898876404 0.7479011194029851 0.7584269662921348 0.7516324626865671 0.7341994382022472 0.7597947761194029 0.7099719101123596 0.7728544776119403 0.6927668539325843 0.7770522388059702 0.6896067415730337 0.7737873134328358 0.6867977528089888 0.7597947761194029 0.6878511235955056 0.7511660447761194 0.6713483146067416 0.7376399253731343 0.6752106741573034 0.7339085820895522
0 0.4905196629213483 0.6868003731343284 0.5031601123595506 0.6888992537313433 0.5052668539325843 0.6933302238805971 0.5024578651685393 0.6947294776119403 0.48103932584269665 0.6944962686567164 0.48103932584269665 0.6891324626865671 0.4901685393258427 0.6868003731343284
0 0.3419943820224719 0.6937966417910447 0.3476123595505618 0.6986940298507462 0.34515449438202245 0.7077891791044776 0.33462078651685395 0.7075559701492538 0.33146067415730335 0.7049906716417911 0.3339185393258427 0.6968283582089553 0.3416432584269663 0.6937966417910447
0 0.17240168539325842 0.6942630597014925 0.18398876404494383 0.703125 0.1776685393258427 0.7131529850746269 0.17521067415730338 0.7143190298507462 0.17134831460674158 0.7115205223880597 0.16467696629213482 0.7161847014925373 0.1580056179775281 0.7136194029850746 0.15484550561797752 0.715018656716418 0.14782303370786518 0.7133861940298507 0.1404494382022472 0.7143190298507462 0.1404494382022472 0.7019589552238806 0.14747191011235955 0.695429104477612 0.1720505617977528 0.6942630597014925
0 0 0.7709888059701493 0.012640449438202247 0.7721548507462687 0.02914325842696629 0.78125 0.033356741573033706 0.8050373134328358 0.032654494382022475 0.8094682835820896 0.023174157303370788 0.8213619402985075 0.011235955056179775 0.8222947761194029 0.004564606741573034 0.8206623134328358 0 0.8152985074626866 0 0.7712220149253731
0 0.5677668539325843 0.7178171641791045 0.5719803370786517 0.7203824626865671 0.5695224719101124 0.7301772388059702 0.5186095505617978 0.7243470149253731 0.5435393258426966 0.7215485074626866 0.5575842696629213 0.7178171641791045 0.5674157303370787 0.7178171641791045
0 0.9901685393258427 0.707089552238806 0.9996488764044944 0.7077891791044776 0.9996488764044944 0.7448694029850746 0.9947331460674157 0.7441697761194029 0.9754213483146067 0.7320429104477612 0.949438202247191 0.7273787313432836 0.9459269662921348 0.7238805970149254 0.9473314606741573 0.7168843283582089 0.952247191011236 0.7126865671641791 0.9666432584269663 0.7087220149253731 0.9898174157303371 0.707089552238806
0 0.5189606741573034 0.726445895522388 0.5326544943820225 0.7283115671641791 0.5502106741573034 0.7273787313432836 0.5716292134831461 0.7341417910447762 0.5733848314606742 0.7847481343283582 0.5709269662921348 0.7987406716417911 0.5572331460674157 0.8001399253731343 0.550561797752809 0.8076026119402985 0.543188202247191 0.8099347014925373 0.5252808988764045 0.8090018656716418 0.5221207865168539 0.8106343283582089 0.5129915730337079 0.8073694029850746 0.5021067415730337 0.7971082089552238 0.48103932584269665 0.7943097014925373 0.4705056179775281 0.7903451492537313 0.4490870786516854 0.7754197761194029 0.44662921348314605 0.7590951492537313 0.4490870786516854 0.7511660447761194 0.4648876404494382 0.7315764925373134 0.4789325842696629 0.7290111940298507 0.5186095505617978 0.726679104477612
0 0.5653089887640449 0.7075559701492538 0.5712780898876404 0.7089552238805971 0.5709269662921348 0.7185167910447762 0.5512640449438202 0.7215485074626866 0.5442415730337079 0.71875 0.5407303370786517 0.7101212686567164 0.5649578651685393 0.7075559701492538
0 0.20540730337078653 0.7369402985074627 0.2503511235955056 0.7392723880597015 0.25526685393258425 0.7406716417910447 0.2636938202247191 0.7481343283582089 0.25491573033707865 0.7465018656716418 0.2341994382022472 0.7504664179104478 0.20575842696629212 0.7520988805970149 0.19171348314606743 0.7569962686567164 0.16748595505617977 0.7789179104477612 0.15870786516853932 0.8003731343283582 0.15098314606741572 0.8055037313432836 0.14396067415730338 0.8145988805970149 0.1348314606741573 0.8159981343283582 0.12359550561797752 0.8145988805970149 0.11973314606741572 0.8094682835820896 0.11587078651685394 0.7901119402985075 0.1190308988764045 0.7609608208955224 0.13764044943820225 0.7479011194029851 0.15168539325842698 0.742070895522388 0.16748595505617977 0.7390391791044776 0.1818820224719101 0.7397388059701493 0.2050561797752809 0.7369402985074627
0 0.7528089887640449 0.7145522388059702 0.7749297752808989 0.7168843283582089 0.7826544943820225 0.7201492537313433 0.7942415730337079 0.7299440298507462 0.7780898876404494 0.7362406716417911 0.764747191011236 0.7490671641791045 0.7594803370786517 0.7481343283582089 0.7521067415730337 0.7402052238805971 0.7387640449438202 0.7350746268656716 0.7254213483146067 0.7203824626865671 0.7275280898876404 0.7152518656716418 0.7524578651685393 0.7145522388059702
0 0.836376404494382 0.7154850746268657 0.8591994382022472 0.7157182835820896 0.8648174157303371 0.7178171641791045 0.8686797752808989 0.7238805970149254 0.8560393258426966 0.7273787313432836 0.8258426966292135 0.7283115671641791 0.8103932584269663 0.7276119402985075 0.8132022471910112 0.722714552238806 0.8251404494382022 0.7164179104477612 0.8360252808988764 0.7154850746268657
0 0.2598314606741573 0.7458022388059702 0.2710674157303371 0.75 0.30969101123595505 0.753964552238806 0.3240870786516854 0.7658582089552238 0.28019662921348315 0.7712220149253731 0.23209269662921347 0.7926772388059702 0.21804775280898878 0.7728544776119403 0.2205056179775281 0.765625 0.21769662921348315 0.7583955223880597 0.21242977528089887 0.7544309701492538 0.22226123595505617 0.7504664179104478 0.2517556179775281 0.7490671641791045 0.2594803370786517 0.7458022388059702