1 0.9218728448275861 0.9416824712643678 0.06910560344827586 0.038699712643678164
1 0.9221874999999999 0.8065 0.054019396551724136 0.026264367816091955
1 0.5552219827586207 0.8038448275862069 0.062435344827586205 0.03542959770114942
1 0.5918663793103449 0.7561135057471264 0.058096982758620686 0.033163793103448275
1 0.8235581896551724 0.7223563218390805 0.05470258620689655 0.024251436781609195
1 0.7223189655172414 0.6860488505747125 0.05090086206896552 0.030163793103448275
1 0.6149935344827586 0.705367816091954 0.05388793103448276 0.029863505747126436
1 0.4854612068965517 0.7452744252873563 0.055099137931034485 0.032626436781609196
1 0.4266206896551724 0.6916666666666667 0.062275862068965515 0.042801724137931034
1 0.5116788793103448 0.6340186781609196 0.05829310344827587 0.0358735632183908
1 0.5860538793103448 0.6191336206896552 0.044676724137931036 0.02539080459770115
1 0.3368189655172414 0.6233778735632184 0.04792025862068965 0.031540229885057475
1 0.24662931034482757 0.5518132183908045 0.04935344827586207 0.029556034482758623
1 0.37004310344827585 0.5231781609195403 0.04740301724137931 0.025100574712643677
1 0.2594547413793103 0.4943979885057472 0.04802155172413793 0.023234195402298853
1 0.39379741379310346 0.46338505747126435 0.05132758620689655 0.02444109195402299
1 0.28843749999999996 0.44914367816091955 0.05232327586206897 0.030339080459770115
1 0.19336853448275862 0.44292241379310343 0.05662284482758621 0.0346882183908046
1 0.15004525862068965 0.36341235632183905 0.049073275862068964 0.02576293103448276
1 0.047383620689655175 0.29661063218390804 0.046043103448275856 0.023913793103448277
1 0.7756896551724137 0.4970215517241379 0.06260344827586208 0.031254310344827584
1 0.8004181034482759 0.4609066091954023 0.05374137931034483 0.026870689655172416
1 0.7027952586206896 0.4538563218390805 0.05288577586206896 0.02534626436781609
1 0.7223469827586207 0.4125057471264368 0.04759698275862069 0.026333333333333334
1 0.6106314655172413 0.3915028735632184 0.0447198275862069 0.023579022988505748
1 0.6246379310344828 0.3629008620689655 0.04222413793103448 0.022393678160919542
1 0.6433168103448276 0.3229468390804598 0.04261206896551724 0.02466235632183908
1 0.5690862068965518 0.32076149425287354 0.04727801724137931 0.023512931034482758
1 0.4747737068965517 0.2846364942528736 0.04730172413793103 0.023685344827586205
1 0.4167866379310345 0.24401293103448274 0.05617672413793104 0.02233045977011494
1 0.29390948275862067 0.24529885057471265 0.046946120689655174 0.021475574712643677
1 0.03600431034482759 0.20689511494252874 0.052353448275862066 0.01764080459770115
1 0.04554956896551724 0.18667241379310345 0.06237068965517241 0.019278735632183908