1 0.8994032258064516 0.8120285714285713 0.20119354838709677 0.2766857142857143
1 0.9393064516129033 0.6007428571428571 0.12138709677419356 0.19097142857142857
1 0.7139193548387097 0.5977428571428571 0.16298387096774192 0.19397142857142857
1 0.5908387096774194 0.7721714285714285 0.18506451612903224 0.23008571428571428
1 0.46180645161290323 0.9263142857142856 0.20203225806451613 0.14737142857142857
1 0.26272580645161286 0.819542857142857 0.18590322580645163 0.23157142857142857
1 0.10101612903225807 0.9330857142857142 0.20203225806451613 0.13382857142857144
1 0.08233870967741935 0.6210571428571429 0.1646774193548387 0.2436
1 0.3128225806451613 0.3902285714285715 0.16553225806451613 0.2120285714285714
1 0.35101612903225804 0.6706857142857143 0.17911290322580645 0.24059999999999998
1 0.5123064516129032 0.5158 0.1570483870967742 0.17442857142857143
1 0.4864193548387096 0.2669142857142857 0.12393548387096774 0.13985714285714287
1 0.5696129032258065 0.1752 0.12393548387096774 0.1488857142857143
1 0.6549193548387097 0.09774285714285715 0.11120967741935485 0.12031428571428571
1 0.6447419354838709 0.3533714285714286 0.1315806451612903 0.1564
1 0.7767419354838709 0.4609142857142857 0.13412903225806452 0.20299999999999999
1 0.8399838709677419 0.40451428571428577 0.12479032258064517 0.1654
1 0.8798870967741935 0.2887142857142857 0.1366774193548387 0.18948571428571426
1 0.9206290322580645 0.24285714285714285 0.10101612903225807 0.15188571428571426
1 0.9800483870967742 0.1406 0.03990322580645161 0.14285714285714285
1 0.6888870967741936 0.27968571428571426 0.118 0.15037142857142857
1 0.7410806451612904 0.22931428571428572 0.10696774193548386 0.1699142857142857
1 0.7941451612903226 0.14962857142857142 0.10780645161290323 0.13682857142857144
1 0.8654516129032259 0.08571428571428572 0.10270967741935484 0.11728571428571427
1 0.6926935483870968 0.05788571428571429 0.09846774193548387 0.1158
1 0.9045 0.0346 0.09591935483870967 0.06917142857142858
1 0.11630645161290322 0.04285714285714286 0.09337096774193548 0.08571428571428572
1 0.030983870967741935 0.08271428571428571 0.06196774193548387 0.11428571428571428