1 0.4679343955014058 0.5666546961325967 0.4339943767572634 0.5642002762430939 0.43170384254920335 0.6421312154696133 0.4666850984067479 0.6415179558011049 0.4679343955014058 0.5666546961325967
0 0.18275538894095594 0.6353591160220995 0.18744142455482662 0.6464088397790055 0.18650421743205248 0.6740331491712708 0.16588566073102157 0.6740331491712708 0.15932521087160262 0.6767955801104972 0.15651358950328023 0.675414364640884 0.15651358950328023 0.6602209944751382 0.15745079662605435 0.6477900552486188 0.16119962511715089 0.6395027624309392 0.16869728209934395 0.6339779005524862 0.18181818181818182 0.6353591160220995
0 0.36644798500468606 0.5290055248618785 0.3701968134957826 0.5345303867403315 0.3683223992502343 0.5428176795580111 0.36082474226804123 0.5428176795580111 0.3598875351452671 0.5400552486187845 0.36082474226804123 0.5317679558011049 0.3655107778819119 0.5290055248618785
0 0.38144329896907214 0.5317679558011049 0.38144329896907214 0.5400552486187845 0.3795688847235239 0.5428176795580111 0.3739456419868791 0.5400552486187845 0.3739456419868791 0.5317679558011049 0.380506091846298 0.5317679558011049
0 0.2633552014995314 0.7403314917127072 0.27928772258669166 0.7417127071823204 0.28959700093720714 0.7569060773480663 0.29053420805998126 0.7859116022099447 0.2858481724461106 0.7969613259668509 0.2755388940955951 0.7914364640883977 0.2624179943767573 0.7900552486187845 0.2521087160262418 0.7928176795580111 0.24835988753514526 0.7969613259668509 0.2436738519212746 0.7955801104972375 0.24273664479850046 0.7748618784530387 0.24461105904404873 0.7541436464088398 0.24835988753514526 0.7513812154696132 0.2521087160262418 0.7430939226519337 0.2624179943767573 0.7403314917127072
0 0.019681349578256794 0.6988950276243094 0.02530459231490159 0.7002762430939227 0.029053420805998126 0.7044198895027625 0.03467666354264293 0.7237569060773481 0.033739456419868794 0.7417127071823204 0.026241799437675725 0.7486187845303868 0.014058106841611996 0.744475138121547 0 0.744475138121547 0 0.7002762430939227 0.01874414245548266 0.6988950276243094
0 0.10309278350515463 0.6878453038674033 0.1105904404873477 0.6892265193370166 0.11715089034676664 0.7030386740331491 0.1190253045923149 0.7168508287292817 0.11808809746954077 0.7292817679558011 0.11433926897844424 0.7334254143646409 0.08809746954076851 0.7306629834254144 0.08153701968134958 0.7348066298342542 0.07685098406747891 0.7348066298342542 0.07778819119025304 0.7030386740331491 0.08809746954076851 0.6892265193370166 0.1021555763823805 0.6878453038674033
0 0.2830365510777882 0.5669889502762431 0.00937207122774133 0.020718232044198894
0 0.3364573570759138 0.5317679558011049 0.3392689784442362 0.5386740331491713 0.338331771321462 0.5469613259668509 0.33083411433926896 0.5469613259668509 0.3280224929709466 0.5441988950276243 0.3280224929709466 0.5359116022099447 0.33083411433926896 0.5317679558011049 0.33552014995313967 0.5317679558011049
0 0.30740393626991563 0.7085635359116023 0.316776007497657 0.7196132596685083 0.316776007497657 0.7486187845303868 0.3139643861293346 0.7569060773480663 0.302717900656045 0.7527624309392266 0.29053420805998126 0.7541436464088398 0.27647610121836924 0.7348066298342542 0.27928772258669166 0.7182320441988951 0.2858481724461106 0.7085635359116023 0.3064667291471415 0.7085635359116023
0 0.17432052483598875 0.6823204419889503 0.18181818181818182 0.6781767955801105 0.19681349578256796 0.6795580110497238 0.20337394564198688 0.6961325966850829 0.20243673851921273 0.7154696132596685 0.16776007497656983 0.7168508287292817 0.1668228678537957 0.6988950276243094 0.16869728209934395 0.6919889502762431 0.17432052483598875 0.6837016574585635
0 0.42830365510777885 0.5303867403314917 0.42549203373945643 0.5276243093922652 0.42642924086223055 0.5234806629834254 0.4311152764761012 0.5207182320441989 0.4339268978444236 0.5234806629834254 0.4329896907216495 0.5290055248618785 0.42924086223055297 0.5290055248618785
0 0.23055295220243674 0.606353591160221 0.23711340206185566 0.6132596685082873 0.23711340206185566 0.6367403314917127 0.21180880974695407 0.6367403314917127 0.21087160262417995 0.6339779005524862 0.21087160262417995 0.6215469613259669 0.21462043111527648 0.6104972375690608 0.21649484536082475 0.6077348066298343 0.2296157450796626 0.606353591160221
0 0.42549203373945643 0.5566298342541437 0.42830365510777885 0.5607734806629834 0.42830365510777885 0.5718232044198895 0.42642924086223055 0.5759668508287292 0.41424554826616683 0.5759668508287292 0.4133083411433927 0.5732044198895028 0.41424554826616683 0.5607734806629834 0.4189315838800375 0.5552486187845304 0.4245548266166823 0.5566298342541437
0 0.3570759137769447 0.5234806629834254 0.36082474226804123 0.5290055248618785 0.3561387066541706 0.537292817679558 0.3514526710402999 0.5331491712707183 0.35238987816307404 0.5262430939226519 0.3561387066541706 0.5234806629834254
0 0.380506091846298 0.6823204419889503 0.3880037488284911 0.6837016574585635 0.39737582005623245 0.6947513812154696 0.3964386129334583 0.7265193370165746 0.3626991565135895 0.7265193370165746 0.3598875351452671 0.7085635359116023 0.3655107778819119 0.6906077348066298 0.3701968134957826 0.6837016574585635 0.3795688847235239 0.6823204419889503
0 0.3064667291471415 0.5407458563535912 0.00937207122774133 0.012430939226519336
0 0.3626991565135895 0.7417127071823204 0.37488284910965325 0.7541436464088398 0.37300843486410495 0.7596685082872928 0.3739456419868791 0.7859116022099447 0.37300843486410495 0.7928176795580111 0.3701968134957826 0.7969613259668509 0.35051546391752575 0.7886740331491713 0.338331771321462 0.7900552486187845 0.33552014995313967 0.7928176795580111 0.33083411433926896 0.7928176795580111 0.32989690721649484 0.7900552486187845 0.32989690721649484 0.7638121546961326 0.3345829428303655 0.7472375690607734 0.338331771321462 0.7417127071823204 0.36176194939081535 0.7417127071823204
0 0.4029990627928772 0.5290055248618785 0.40487347703842547 0.5234806629834254 0.4114339268978444 0.5220994475138122 0.4133083411433927 0.5248618784530387 0.41237113402061853 0.5317679558011049 0.40581068416119964 0.5331491712707183 0.40393626991565135 0.5303867403314917
0 0.47797563261480785 0.5276243093922652 0.47797563261480785 0.5359116022099447 0.4723523898781631 0.5359116022099447 0.4704779756326148 0.5331491712707183 0.4723523898781631 0.5276243093922652 0.47703842549203374 0.5276243093922652
0 0.4320524835988753 0.5441988950276243 0.4339268978444236 0.5483425414364641 0.4339268978444236 0.5552486187845304 0.4320524835988753 0.5566298342541437 0.4245548266166823 0.5552486187845304 0.422680412371134 0.5524861878453039 0.42549203373945643 0.5428176795580111 0.4311152764761012 0.5441988950276243
0 0.3570759137769447 0.7983425414364641 0.3598875351452671 0.8121546961325967 0.3673851921274602 0.8162983425414365 0.3673851921274602 0.8204419889502762 0.3626991565135895 0.824585635359116 0.36457357075913777 0.8370165745856354 0.36457357075913777 0.8646408839779005 0.3626991565135895 0.8715469613259669 0.3580131208997188 0.8756906077348067 0.34957825679475163 0.8687845303867403 0.32146204311152765 0.8701657458563536 0.31115276476101217 0.8770718232044199 0.30927835051546393 0.8756906077348067 0.30927835051546393 0.835635359116022 0.31115276476101217 0.8162983425414365 0.3158388003748828 0.7997237569060773 0.3233364573570759 0.7955801104972375 0.3561387066541706 0.7983425414364641
0 0.2727272727272727 0.574585635359116 0.2727272727272727 0.600828729281768 0.2614807872539831 0.5994475138121547 0.2624179943767573 0.580110497237569 0.26710402999062793 0.574585635359116 0.2717900656044986 0.574585635359116
0 0.24273664479850046 0.8964088397790055 0.2492970946579194 0.9074585635359116 0.2549203373945642 0.9088397790055248 0.25773195876288657 0.914364640883978 0.2549203373945642 0.9185082872928176 0.2549203373945642 0.9654696132596685 0.2521087160262418 0.9765193370165746 0.24742268041237114 0.9806629834254144 0.2436738519212746 0.9792817679558011 0.23898781630740393 0.9709944751381215 0.22305529522024367 0.9682320441988951 0.20337394564198688 0.9696132596685083 0.19681349578256796 0.9792817679558011 0.1893158388003749 0.9792817679558011 0.18837863167760074 0.9765193370165746 0.18837863167760074 0.9337016574585635 0.19306466729147143 0.9226519337016574 0.18837863167760074 0.914364640883978 0.18837863167760074 0.9102209944751382 0.19681349578256796 0.9074585635359116 0.20243673851921273 0.8964088397790055 0.24179943767572634 0.8964088397790055