1 0.9550879765395894 0.6669650655021835 0.06151026392961877 0.06494541484716157
1 0.8510777126099706 0.6665502183406113 0.057038123167155425 0.06911572052401747
1 0.8673460410557184 0.5476855895196506 0.03552052785923754 0.03653930131004367
1 0.916708211143695 0.5441048034934498 0.03282258064516129 0.03970524017467249
1 0.9506524926686217 0.5056441048034934 0.024985337243401757 0.023875545851528384
1 0.8397873900293256 0.5032860262008734 0.025175953079178887 0.024159388646288207
1 0.8437976539589443 0.47899563318777294 0.021627565982404694 0.01888646288209607
1 0.8095821114369501 0.5174454148471616 0.02405425219941349 0.02693231441048035
1 0.7953152492668621 0.4889847161572053 0.020887096774193547 0.024989082969432315
1 0.7770381231671555 0.472325327510917 0.014545454545454545 0.016659388646288208
1 0.7945674486803519 0.46483624454148476 0.01752932551319648 0.017216157205240175
1 0.7750293255131966 0.4528275109170306 0.012888563049853372 0.014836244541484717
2 0.9549266862170088 0.48223799126637557 0.025909090909090913 0.038056768558951966
2 0.5255791788856304 0.47340611353711787 0.017903225806451616 0.0335589519650655
0 0.6530645161290323 0.7833733624454149 0.18913489736070382 0.3710917030567686
0 0.6711363636363636 0.4708187772925764 0.028702346041055718 0.04228165938864629
0 0.6905278592375367 0.4285371179039302 0.024120234604105572 0.029552401746724893
0 0.6466862170087977 0.3931222707423581 0.013035190615835779 0.018733624454148473
0 0.6340469208211144 0.38098253275109173 0.010219941348973607 0.015458515283842796
1 0.23537390029325514 0.72617903930131 0.09035190615835777 0.07986899563318776
1 0.08501466275659823 0.6625873362445415 0.0874266862170088 0.08170305676855896
1 0.24600439882697947 0.6660589519650655 0.07774926686217008 0.056288209606986904
1 0.3627492668621701 0.6135480349344978 0.056950146627565985 0.06132096069868996
1 0.2849853372434018 0.5964301310043668 0.054325513196480935 0.043384279475982536
1 0.3248093841642229 0.5588864628820961 0.036869501466275656 0.04017467248908296
1 0.49942082111436953 0.5567030567685589 0.034963343108504394 0.03299126637554585
1 0.5829252199413489 0.5050982532751092 0.021019061583577713 0.02368995633187773
1 0.6036950146627567 0.4890720524017467 0.017727272727272727 0.01970524017467249
1 0.621341642228739 0.46730349344978167 0.01028592375366569 0.014170305676855895
1 0.6315615835777126 0.44659388646288206 0.010982404692082112 0.013722707423580786
1 0.6329545454545454 0.47308951965065504 0.019560117302052787 0.02950873362445415
1 0.4354178885630498 0.5303602620087337 0.02818181818181818 0.03076419213973799
1 0.4569721407624633 0.5171615720524018 0.025124633431085047 0.022980349344978168
1 0.5013196480938417 0.4924235807860262 0.02000733137829912 0.027631004366812227
1 0.513233137829912 0.46612445414847165 0.00905425219941349 0.016495633187772925
1 0.5420087976539589 0.4631331877729258 0.01152492668621701 0.014672489082969432
1 0.545857771260997 0.4436681222707423 0.010337243401759531 0.013755458515283842
1 0.5040175953079179 0.4430021834061136 0.011414956011730206 0.012871179039301309
1 0.5186217008797653 0.4350655021834061 0.011077712609970675 0.02199781659388646
1 0.5318841642228739 0.4387554585152838 0.008900293255131966 0.015371179039301311
1 0.5375953079178886 0.4303165938864629 0.008394428152492668 0.014497816593886463
1 0.5323093841642229 0.41331877729257643 0.008563049853372433 0.016495633187772925
1 0.550725806451613 0.43149563318777295 0.008636363636363636 0.013973799126637555