0 0.72925 0.6740353697749196 0.766 0.6768488745980707 0.769 0.680064308681672 0.77 0.6885048231511254 0.7405 0.6905144694533762 0.734 0.6937299035369775 0.72275 0.7041800643086816 0.712 0.7307073954983923 0.708 0.7335209003215434 0.701 0.7315112540192926 0.7005 0.719855305466238 0.71 0.6889067524115756 0.71275 0.6816720257234726 0.71725 0.6772508038585209 0.729 0.6740353697749196
0 0.399 0.6897106109324759 0.405 0.694935691318328 0.414 0.7202572347266881 0.413 0.7435691318327974 0.40575 0.7491961414790996 0.40425 0.7556270096463023 0.404 0.7262861736334405 0.397 0.7130225080385852 0.39675 0.7057877813504824 0.3925 0.692524115755627 0.39875 0.6897106109324759
0 0.49125 0.6647909967845659 0.494 0.6784565916398714 0.48375 0.680064308681672 0.48075 0.6752411575562701 0.48075 0.6716237942122186 0.491 0.6651929260450161
0 0.42875 0.6744372990353698 0.437 0.6784565916398714 0.424 0.6852893890675241 0.4235 0.690112540192926 0.42775 0.6993569131832797 0.427 0.7053858520900321 0.42225 0.6997588424437299 0.4195 0.6889067524115756 0.42525 0.6764469453376206 0.4285 0.6748392282958199
0 0.2515 0.7098070739549839 0.25475 0.6997588424437299 0.262 0.690112540192926 0.2845 0.6889067524115756 0.2765 0.7138263665594855 0.27025 0.7222668810289389 0.269 0.7343247588424437 0.2655 0.7395498392282959 0.2605 0.715032154340836 0.25175 0.7098070739549839
0 0.29375 0.6792604501607717 0.29775 0.6820739549839229 0.283 0.6905144694533762 0.274 0.6889067524115756 0.27575 0.6808681672025724 0.2935 0.6792604501607717
0 0.409 0.6881028938906752 0.41975 0.6897106109324759 0.4195 0.7094051446945338 0.4225 0.7170418006430869 0.42175 0.7226688102893891 0.41725 0.7178456591639871 0.41525 0.7094051446945338 0.41175 0.7065916398713826 0.415 0.7037781350482315 0.4145 0.6981511254019293 0.41 0.6965434083601286 0.4085 0.6989549839228296 0.41 0.7061897106109325 0.408 0.7061897106109325 0.40725 0.6993569131832797 0.4015 0.692524115755627 0.401 0.6893086816720257 0.40875 0.6881028938906752
0 0 0.8356109324758842 0.0065 0.8384244372990354 0.00575 0.8838424437299035 0.002 0.922427652733119 0 0.9244372990353698 0 0.8360128617363344
0 0.7275 0.6740353697749196 0.76575 0.6768488745980707 0.7725 0.6881028938906752 0.7965 0.6893086816720257 0.8015 0.692524115755627 0.794 0.6945337620578779 0.75375 0.6905144694533762 0.73675 0.6929260450160771 0.723 0.7037781350482315 0.71 0.7347266881028939 0.699 0.7343247588424437 0.69975 0.7258842443729904 0.6955 0.7230707395498392 0.69425 0.7186495176848875 0.70425 0.7130225080385852 0.7065 0.7001607717041801 0.7135 0.6812700964630225 0.72725 0.6740353697749196
0 0 0.6917202572347267 0.01925 0.6937299035369775 0.02825 0.7061897106109325 0.0265 0.7102090032154341 0.01175 0.7122186495176849 0 0.7178456591639871 0 0.6921221864951769
0 0.44775 0.6764469453376206 0.4535 0.682475884244373 0.44625 0.6921221864951769 0.44175 0.6784565916398714 0.4475 0.6764469453376206
0 0.4585 0.6720257234726688 0.46675 0.6784565916398714 0.453 0.6860932475884244 0.4505 0.6844855305466238 0.44725 0.6752411575562701 0.45825 0.6720257234726688
0 0.4915 0.6780546623794212 0.48375 0.6804662379421221 0.48025 0.6760450160771704 0.481 0.6720257234726688 0.4875 0.6684083601286174 0.49125 0.6780546623794212
0 0.27325 0.6844855305466238 0.27675 0.6889067524115756 0.25875 0.697347266881029 0.2565 0.6961414790996785 0.25675 0.692524115755627 0.26225 0.6860932475884244 0.273 0.6844855305466238
0 0.26225 0.6877009646302251 0.264 0.6889067524115756 0.26275 0.6921221864951769 0.2565 0.6993569131832797 0.255 0.7053858520900321 0.252 0.7065916398713826 0.251 0.6913183279742765 0.262 0.6877009646302251
0 0.6435 0.6897106109324759 0.65025 0.694935691318328 0.66825 0.7001607717041801 0.6725 0.7065916398713826 0.67675 0.7234726688102894 0.68275 0.7343247588424437 0.68575 0.770096463022508 0.68225 0.8070739549839229 0.679 0.8094855305466238 0.674 0.8086816720257235 0.67175 0.8022508038585209 0.6645 0.802652733118971 0.6605 0.795016077170418 0.65725 0.7934083601286174 0.616 0.7918006430868167 0.613 0.8034565916398714 0.60925 0.8054662379421221 0.5985 0.7954180064308681 0.599 0.7528135048231511 0.61075 0.7065916398713826 0.6195 0.6961414790996785 0.63 0.6945337620578779 0.635 0.6889067524115756 0.64325 0.6897106109324759
0 0.3895 0.6712218649517685 0.391 0.6752411575562701 0.388 0.6840836012861736 0.38 0.6828778135048231 0.37525 0.6752411575562701 0.38925 0.6712218649517685
0 0.42625 0.670016077170418 0.429 0.6752411575562701 0.41975 0.6881028938906752 0.414 0.6860932475884244 0.41325 0.6716237942122186 0.426 0.670016077170418
0 0.41225 0.6905144694533762 0.41675 0.6941318327974276 0.423 0.715032154340836 0.42025 0.737540192926045 0.41475 0.7411575562700965 0.41225 0.7383440514469454 0.41275 0.7170418006430869 0.40425 0.6961414790996785 0.407 0.690112540192926 0.412 0.6905144694533762
0 0.38025 0.6828778135048231 0.38425 0.6856913183279743 0.37675 0.690112540192926 0.36275 0.6877009646302251 0.38 0.6828778135048231
0 0.2765 0.6708199356913184 0.28375 0.680064308681672 0.2845 0.6856913183279743 0.28275 0.6889067524115756 0.2695 0.6889067524115756 0.27625 0.6708199356913184
0 0.3775 0.6732315112540193 0.38075 0.6748392282958199 0.38375 0.6820739549839229 0.37675 0.6877009646302251 0.36075 0.6852893890675241 0.3625 0.6784565916398714 0.37725 0.6732315112540193
0 0.35625 0.6764469453376206 0.35975 0.680064308681672 0.3605 0.6856913183279743 0.3505 0.6889067524115756 0.3455 0.6889067524115756 0.34625 0.6788585209003215 0.356 0.6764469453376206
0 0.399 0.6635852090032154 0.40275 0.6684083601286174 0.40075 0.6856913183279743 0.3985 0.6889067524115756 0.394 0.6889067524115756 0.39675 0.6860932475884244 0.39425 0.6796623794212219 0.38575 0.6820739549839229 0.38375 0.6748392282958199 0.387 0.6692122186495176 0.39875 0.6635852090032154
0 0.41225 0.6579581993569131 0.41825 0.6627813504823151 0.41975 0.670016077170418 0.41175 0.6744372990353698 0.408 0.6692122186495176 0.40025 0.6688102893890675 0.3985 0.6611736334405145 0.412 0.6579581993569131
0 0.586 0.690112540192926 0.59925 0.6909163987138264 0.605 0.6941318327974276 0.607 0.7029742765273312 0.60575 0.7065916398713826 0.6045 0.7009646302250804 0.59625 0.697347266881029 0.57125 0.6985530546623794 0.5715 0.694935691318328 0.58575 0.690112540192926
0 0.27625 0.6868971061093248 0.283 0.6885048231511254 0.282 0.692524115755627 0.2655 0.6957395498392283 0.2585 0.7017684887459807 0.257 0.6957395498392283 0.26175 0.6893086816720257 0.276 0.6868971061093248
0 0.078 0.6969453376205788 0.0795 0.7001607717041801 0.06975 0.7371382636655949 0.065 0.7745176848874598 0.06375 0.7757234726688103 0.05725 0.7684887459807074 0.04675 0.7688906752411575 0.03725 0.7781350482315113 0.03375 0.7761254019292605 0.033 0.7548231511254019 0.03525 0.7319131832797428 0.05325 0.7029742765273312 0.0635 0.6977491961414791 0.07775 0.6969453376205788
0 0.3795 0.6736334405144695 0.383 0.6820739549839229 0.37675 0.6881028938906752 0.3625 0.6872990353697749 0.362 0.6796623794212219 0.374 0.6732315112540193 0.37925 0.6736334405144695
0 0.4185 0.670016077170418 0.429 0.6716237942122186 0.43125 0.6748392282958199 0.42475 0.680064308681672 0.42175 0.6893086816720257 0.4185 0.6921221864951769 0.41 0.6856913183279743 0.41075 0.6720257234726688 0.41825 0.670016077170418
0 0.27475 0.6868971061093248 0.283 0.6885048231511254 0.2815 0.6933279742765274 0.2615 0.6981511254019293 0.255 0.7061897106109325 0.25425 0.7017684887459807 0.257 0.692524115755627 0.262 0.6885048231511254 0.2745 0.6868971061093248
0 0.446 0.6720257234726688 0.44675 0.6752411575562701 0.443 0.6808681672025724 0.42575 0.6788585209003215 0.4345 0.6732315112540193 0.44575 0.672427652733119
0 0.419 0.6872990353697749 0.42525 0.7029742765273312 0.42675 0.715032154340836 0.425 0.7327170418006431 0.422 0.7359324758842444 0.4185 0.7311093247588425 0.41775 0.712620578778135 0.41275 0.692524115755627 0.41475 0.6877009646302251 0.41875 0.6872990353697749
0 0.51325 0.6507234726688103 0.515 0.6543408360128617 0.51125 0.6579581993569131 0.515 0.6784565916398714 0.51225 0.6820739549839229 0.5015 0.6820739549839229 0.49825 0.6756430868167203 0.4945 0.680064308681672 0.49225 0.6784565916398714 0.49075 0.6680064308681672 0.49875 0.6627813504823151 0.5015 0.6571543408360129 0.513 0.6507234726688103
0 0.88275 0.6543408360128617 0.90775 0.655144694533762 0.9095 0.6668006430868167 0.90875 0.6788585209003215 0.91075 0.6816720257234726 0.94375 0.684887459807074 0.9775 0.692524115755627 0.99225 0.7029742765273312 0.99975 0.7122186495176849 0.99975 0.8340032154340836 0.99775 0.8348070739549839 0.99975 0.8360128617363344 0.99975 0.8963022508038585 0.997 0.89991961414791 0.99775 0.9067524115755627 0.99975 0.907556270096463 0.99975 0.932475884244373 0.97025 0.9356913183279743 0.944 0.9288585209003215 0.8715 0.9208199356913184 0.85925 0.9260450160771704 0.85675 0.9320739549839229 0.84525 0.9381028938906752 0.844 0.9469453376205788 0.84 0.9529742765273312 0.82725 0.9561897106109325 0.82275 0.9533762057877814 0.81825 0.9429260450160771 0.8135 0.9139871382636656 0.78925 0.9019292604501608 0.77975 0.9159967845659164 0.76075 0.9151929260450161 0.756 0.9003215434083601 0.7535 0.862540192926045 0.754 0.8279742765273312 0.758 0.7930064308681672 0.76475 0.7785369774919614 0.77625 0.7652733118971061 0.7725 0.7608520900321544 0.759 0.7556270096463023 0.758 0.7516077170418006 0.76025 0.7447749196141479 0.765 0.7407556270096463 0.77625 0.7407556270096463 0.78 0.7495980707395499 0.78275 0.7504019292604501 0.804 0.7094051446945338 0.81675 0.692524115755627 0.822 0.6889067524115756 0.83775 0.6828778135048231 0.88575 0.6792604501607717 0.888 0.6752411575562701 0.8835 0.6760450160771704 0.88025 0.6651929260450161 0.88275 0.6547427652733119
0 0.388 0.670016077170418 0.391 0.6720257234726688 0.38725 0.6828778135048231 0.37975 0.682475884244373 0.3725 0.6752411575562701 0.37625 0.6708199356913184 0.38775 0.670016077170418
0 0.513 0.6507234726688103 0.51575 0.6543408360128617 0.514 0.6579581993569131 0.51625 0.6611736334405145 0.51475 0.6684083601286174 0.519 0.6736334405144695 0.5225 0.6659967845659164 0.52375 0.6748392282958199 0.5285 0.6768488745980707 0.53125 0.6672025723472669 0.5375 0.6611736334405145 0.53425 0.6567524115755627 0.5245 0.6543408360128617 0.53275 0.6515273311897106 0.54325 0.6539389067524116 0.54075 0.6607717041800643 0.5375 0.6631832797427653 0.533 0.6852893890675241 0.5225 0.682475884244373 0.5015 0.6828778135048231 0.49875 0.6756430868167203 0.49475 0.6804662379421221 0.493 0.6784565916398714 0.49475 0.672427652733119 0.49925 0.6688102893890675 0.50175 0.659967845659164 0.51275 0.6507234726688103
0 0.491 0.6627813504823151 0.5035 0.6579581993569131 0.50725 0.6772508038585209 0.5065 0.6808681672025724 0.50275 0.6828778135048231 0.49825 0.6788585209003215 0.4945 0.6816720257234726 0.4865 0.6784565916398714 0.4855 0.6748392282958199 0.491 0.6631832797427653
0 0.40825 0.6688102893890675 0.41125 0.6704180064308681 0.4125 0.6748392282958199 0.4125 0.6856913183279743 0.4095 0.6881028938906752 0.40175 0.6868971061093248 0.4005 0.6828778135048231 0.40025 0.6716237942122186 0.408 0.6688102893890675
0 0.45475 0.6728295819935691 0.4575 0.6748392282958199 0.4585 0.6820739549839229 0.453 0.6856913183279743 0.4435 0.6784565916398714 0.44625 0.6740353697749196 0.4545 0.6728295819935691
0 0.242 0.6889067524115756 0.249 0.692524115755627 0.2525 0.7001607717041801 0.252 0.7098070739549839 0.24825 0.7118167202572347 0.24475 0.7110128617363344 0.24125 0.6993569131832797 0.23975 0.692524115755627 0.24175 0.6889067524115756
0 0.37775 0.6696141479099679 0.38225 0.6748392282958199 0.38025 0.6820739549839229 0.369 0.6792604501607717 0.36325 0.6864951768488746 0.35825 0.6856913183279743 0.3575 0.6784565916398714 0.36225 0.6740353697749196 0.3775 0.6696141479099679
0 0.38675 0.6792604501607717 0.0105 0.01607717041800643
0 0 0.8360128617363344 0.00575 0.8384244372990354 0.006 0.862540192926045 0.005 0.8942926045016077 0.0015 0.9288585209003215 0 0.9288585209003215 0 0.8364147909967846
0 0.3735 0.6744372990353698 0.37975 0.6768488745980707 0.38025 0.682475884244373 0.3765 0.6868971061093248 0.364 0.6877009646302251 0.36025 0.6856913183279743 0.361 0.6780546623794212 0.37325 0.6744372990353698
0 0.4285 0.6704180064308681 0.43625 0.6752411575562701 0.4255 0.6804662379421221 0.42175 0.6897106109324759 0.4135 0.6860932475884244 0.414 0.672427652733119 0.42825 0.6704180064308681
0 0.2485 0.6808681672025724 0.25225 0.6885048231511254 0.25175 0.7029742765273312 0.2475 0.7009646302250804 0.24475 0.6933279742765274 0.23775 0.6889067524115756 0.23775 0.6808681672025724 0.24825 0.6808681672025724
0 0.3875 0.6832797427652733 0.39 0.6877009646302251 0.38175 0.6897106109324759 0.37675 0.6889067524115756 0.3795 0.6836816720257235 0.38725 0.6832797427652733
0 0.528 0.6503215434083601 0.54 0.6507234726688103 0.54375 0.6543408360128617 0.53725 0.6716237942122186 0.53625 0.680064308681672 0.53325 0.6840836012861736 0.5105 0.6812700964630225 0.5035 0.6768488745980707 0.50175 0.6720257234726688 0.503 0.6611736334405145 0.50825 0.6507234726688103 0.52775 0.6503215434083601
0 0.27775 0.684887459807074 0.2805 0.6893086816720257 0.26925 0.6913183279742765 0.2585 0.6977491961414791 0.2585 0.6933279742765274 0.26275 0.6877009646302251 0.2775 0.684887459807074
0 0.77975 0.690112540192926 0.7975 0.6917202572347267 0.8085 0.6993569131832797 0.80725 0.702572347266881 0.80375 0.7033762057877814 0.804 0.6977491961414791 0.78625 0.697347266881029 0.7835 0.6989549839228296 0.78525 0.7029742765273312 0.77975 0.704983922829582 0.7725 0.697347266881029 0.7685 0.6981511254019293 0.76575 0.702572347266881 0.74525 0.7029742765273312 0.74875 0.6993569131832797 0.7465 0.6961414790996785 0.74775 0.692524115755627 0.75725 0.6945337620578779 0.7795 0.690112540192926
0 0.276 0.670016077170418 0.28125 0.6784565916398714 0.28175 0.6868971061093248 0.26475 0.6889067524115756 0.2715 0.6820739549839229 0.27575 0.6704180064308681
0 0.39775 0.6716237942122186 0.402 0.6856913183279743 0.39875 0.6897106109324759 0.393 0.6889067524115756 0.38425 0.6820739549839229 0.387 0.6736334405144695 0.39425 0.6772508038585209 0.3975 0.6716237942122186
0 0.3645 0.6889067524115756 0.37925 0.692524115755627 0.3785 0.7013665594855305 0.38975 0.7270900321543409 0.391 0.75 0.38925 0.7612540192926045 0.38825 0.7652733118971061 0.38125 0.770096463022508 0.3765 0.7692926045016077 0.37325 0.7616559485530546 0.356 0.7584405144694534 0.35175 0.7407556270096463 0.35175 0.7270900321543409 0.34375 0.7053858520900321 0.33725 0.6957395498392283 0.33675 0.692524115755627 0.34525 0.6893086816720257 0.36425 0.6889067524115756
0 0.49475 0.682475884244373 0.49775 0.684887459807074 0.53275 0.6864951768488746 0.54275 0.6937299035369775 0.547 0.7033762057877814 0.55575 0.737540192926045 0.562 0.7479903536977492 0.56875 0.7717041800643086 0.569 0.8545016077170418 0.5675 0.8661575562700965 0.56425 0.8693729903536977 0.55125 0.8665594855305466 0.54825 0.8520900321543409 0.53975 0.8460610932475884 0.5015 0.840032154340836 0.44875 0.8432475884244373 0.44225 0.8484726688102894 0.44125 0.8593247588424437 0.43875 0.8641479099678456 0.43125 0.8661575562700965 0.424 0.862540192926045 0.423 0.8340032154340836 0.42525 0.7664790996784566 0.4275 0.7552250803858521 0.44025 0.727491961414791 0.44875 0.694935691318328 0.45325 0.6885048231511254 0.46325 0.6840836012861736 0.4945 0.682475884244373
0 0.3465 0.6760450160771704 0.3505 0.6784565916398714 0.35025 0.6856913183279743 0.34575 0.6893086816720257 0.341 0.6889067524115756 0.3405 0.6816720257234726 0.34625 0.6760450160771704
0 0.56125 0.6945337620578779 0.56975 0.6993569131832797 0.574 0.7142282958199357 0.5825 0.7311093247588425 0.584 0.757636655948553 0.582 0.77491961414791 0.57975 0.7817524115755627 0.576 0.7833601286173634 0.57075 0.782556270096463 0.569 0.7696945337620579 0.56225 0.7471864951768489 0.55675 0.737540192926045 0.546 0.6961414790996785 0.561 0.6945337620578779
0 0.16675 0.6479099678456591 0.19875 0.6507234726688103 0.22025 0.6563504823151125 0.2275 0.6647909967845659 0.235 0.6812700964630225 0.24525 0.7130225080385852 0.2485 0.7154340836012861 0.25525 0.712620578778135 0.26 0.7162379421221865 0.26125 0.7238745980707395 0.2535 0.7327170418006431 0.25375 0.7451768488745981 0.25925 0.7664790996784566 0.26025 0.8147106109324759 0.2585 0.8452572347266881 0.25525 0.8508842443729904 0.24425 0.852491961414791 0.24075 0.85008038585209 0.23825 0.8364147909967846 0.23125 0.8368167202572347 0.2285 0.842443729903537 0.2255 0.8661575562700965 0.2175 0.8713826366559485 0.207 0.8689710610932476 0.20125 0.8512861736334405 0.18275 0.8456591639871383 0.14025 0.8440514469453376 0.1375 0.8488745980707395 0.13075 0.852491961414791 0.12275 0.8520900321543409 0.11575 0.8460610932475884 0.109 0.8456591639871383 0.09325 0.8504823151125402 0.086 0.8701768488745981 0.079 0.8729903536977492 0.06825 0.8709807073954984 0.064 0.8621382636655949 0.06225 0.8408360128617364 0.06275 0.8018488745980707 0.071 0.7331189710610932 0.08775 0.6752411575562701 0.095 0.6643890675241158 0.109 0.6543408360128617 0.1365 0.6491157556270096 0.1665 0.6479099678456591
0 0.3815 0.672427652733119 0.38775 0.6748392282958199 0.38825 0.6820739549839229 0.38 0.6864951768488746 0.3765 0.6852893890675241 0.3725 0.6752411575562701 0.38125 0.672427652733119
0 0.333 0.6788585209003215 0.3455 0.6772508038585209 0.346 0.6856913183279743 0.34125 0.6897106109324759 0.324 0.6856913183279743 0.3245 0.680064308681672 0.33275 0.6788585209003215
0 0.3735 0.6756430868167203 0.38 0.6784565916398714 0.38075 0.6820739549839229 0.3775 0.6872990353697749 0.37375 0.6885048231511254 0.363 0.6856913183279743 0.36525 0.6784565916398714 0.37325 0.6756430868167203
0 0.36325 0.6772508038585209 0.36475 0.6788585209003215 0.36275 0.6881028938906752 0.348 0.6864951768488746 0.3455 0.6885048231511254 0.3455 0.6820739549839229 0.3525 0.684887459807074 0.35625 0.6784565916398714 0.363 0.6772508038585209
0 0.419 0.6684083601286174 0.425 0.6712218649517685 0.425 0.6784565916398714 0.42175 0.6852893890675241 0.41925 0.6860932475884244 0.41475 0.6860932475884244 0.412 0.672427652733119 0.41875 0.6684083601286174
0 0.387 0.684887459807074 0.39175 0.6889067524115756 0.39175 0.692524115755627 0.3795 0.6913183279742765 0.3785 0.6889067524115756 0.38675 0.6852893890675241
0 0.29375 0.6768488745980707 0.301 0.6780546623794212 0.30275 0.6820739549839229 0.28625 0.690112540192926 0.2815 0.6889067524115756 0.28225 0.6820739549839229 0.287 0.677652733118971 0.2935 0.6768488745980707
0 0.387 0.6881028938906752 0.39325 0.692524115755627 0.39825 0.7130225080385852 0.40475 0.7246784565916399 0.40475 0.7520096463022508 0.40125 0.7588424437299035 0.39775 0.7604501607717041 0.391 0.7544212218649518 0.38875 0.7266881028938906 0.37625 0.6961414790996785 0.38 0.6893086816720257 0.38675 0.6881028938906752
0 0.51475 0.64991961414791 0.54075 0.6511254019292605 0.54375 0.6535369774919614 0.54375 0.657556270096463 0.537 0.6680064308681672 0.53275 0.6840836012861736 0.51175 0.6812700964630225 0.504 0.6768488745980707 0.502 0.6611736334405145 0.508 0.6515273311897106 0.5145 0.64991961414791
0 0.27425 0.6852893890675241 0.27925 0.6889067524115756 0.25875 0.6977491961414791 0.25725 0.6961414790996785 0.25825 0.692524115755627 0.26225 0.6877009646302251 0.274 0.6852893890675241
0 0.40825 0.6607717041800643 0.41125 0.6688102893890675 0.41125 0.6748392282958199 0.40875 0.670016077170418 0.40425 0.6704180064308681 0.401 0.6772508038585209 0.39425 0.6704180064308681 0.387 0.6740353697749196 0.386 0.6647909967845659 0.4 0.6595659163987139 0.408 0.6607717041800643
0 0.46425 0.6704180064308681 0.46725 0.672427652733119 0.468 0.6788585209003215 0.464 0.682475884244373 0.45675 0.6808681672025724 0.45875 0.6716237942122186 0.464 0.6704180064308681
0 0.29425 0.677652733118971 0.30225 0.6820739549839229 0.28325 0.6905144694533762 0.26975 0.6889067524115756 0.276 0.6788585209003215 0.294 0.677652733118971
0 0.402 0.6607717041800643 0.40525 0.6619774919614148 0.40825 0.6708199356913184 0.41125 0.6712218649517685 0.4115 0.6760450160771704 0.4045 0.6716237942122186 0.40075 0.6872990353697749 0.3985 0.677652733118971 0.394 0.6716237942122186 0.387 0.6788585209003215 0.386 0.6744372990353698 0.387 0.6708199356913184 0.391 0.6696141479099679 0.396 0.6627813504823151 0.40175 0.6607717041800643
0 0.0125 0.7897909967845659 0.02225 0.7853697749196141 0.02325 0.7897909967845659 0.01525 0.8102893890675241 0.0045 0.8139067524115756 0.00825 0.817524115755627 0.0055 0.8211414790996785 0.00875 0.8315916398713826 0.00225 0.8348070739549839 0.007 0.8384244372990354 0.0055 0.8444533762057878 0.0065 0.8766077170418006 0.002 0.922427652733119 0 0.9244372990353698 0 0.8106913183279743 0.0055 0.8090836012861736 0.005 0.8034565916398714 0.01 0.8014469453376206 0.01275 0.7970257234726688 0.01275 0.7901929260450161
0 0.4015 0.6889067524115756 0.409 0.692524115755627 0.407 0.6969453376205788 0.41225 0.7065916398713826 0.41125 0.7138263665594855 0.4075 0.7106109324758842 0.40175 0.6965434083601286 0.39675 0.692524115755627 0.39675 0.6893086816720257 0.40125 0.6889067524115756
0 0.67175 0.697347266881029 0.68475 0.7029742765273312 0.6935 0.7166398713826366 0.69625 0.7552250803858521 0.6925 0.7612540192926045 0.689 0.7491961414790996 0.68575 0.7580385852090032 0.6865 0.7411575562700965 0.685 0.7347266881028939 0.67825 0.7238745980707395 0.674 0.7069935691318328 0.66925 0.6993569131832797 0.6715 0.6977491961414791
0 0.469 0.6692122186495176 0.473 0.6716237942122186 0.471 0.6788585209003215 0.46725 0.6820739549839229 0.46425 0.680064308681672 0.464 0.6716237942122186 0.46875 0.6692122186495176
0 0.45925 0.6720257234726688 0.4605 0.6772508038585209 0.45725 0.682475884244373 0.4535 0.682475884244373 0.44775 0.6752411575562701 0.4525 0.6708199356913184 0.459 0.6720257234726688
0 0.283 0.6889067524115756 0.28475 0.692524115755627 0.27925 0.707395498392283 0.269 0.7230707395498392 0.2655 0.7222668810289389 0.26025 0.7134244372990354 0.254 0.7098070739549839 0.25525 0.702572347266881 0.26275 0.6913183279742765 0.28275 0.6889067524115756
0 0.3185 0.6860932475884244 0.3375 0.692524115755627 0.34725 0.7106109324758842 0.35125 0.7134244372990354 0.35025 0.7170418006430869 0.355 0.7270900321543409 0.3555 0.7455787781350482 0.3575 0.7483922829581994 0.35475 0.7829581993569131 0.34475 0.792604501607717 0.3385 0.7913987138263665 0.33475 0.7813504823151125 0.3185 0.7793408360128617 0.29325 0.780144694533762 0.29025 0.784967845659164 0.282 0.7837620578778135 0.27675 0.7909967845659164 0.269 0.7889871382636656 0.27 0.7258842443729904 0.27875 0.7094051446945338 0.28475 0.692524115755627 0.29775 0.6864951768488746 0.31825 0.6860932475884244
0 0.501 0.6631832797427653 0.5055 0.6748392282958199 0.505 0.6784565916398714 0.502 0.680064308681672 0.499 0.6760450160771704 0.491 0.6792604501607717 0.48725 0.6752411575562701 0.49075 0.6655948553054662 0.50075 0.6631832797427653
0 0.49125 0.6563504823151125 0.49425 0.6591639871382636 0.5025 0.6579581993569131 0.5015 0.6651929260450161 0.49475 0.6788585209003215 0.48775 0.6784565916398714 0.48525 0.6752411575562701 0.491 0.6567524115755627
0 0.37925 0.6740353697749196 0.387 0.6752411575562701 0.3895 0.6784565916398714 0.38875 0.6840836012861736 0.3805 0.6856913183279743 0.37725 0.6840836012861736 0.37425 0.6752411575562701 0.379 0.6740353697749196
0 0.3975 0.6708199356913184 0.40025 0.6844855305466238 0.398 0.6893086816720257 0.39275 0.6889067524115756 0.3805 0.6812700964630225 0.38225 0.6752411575562701 0.387 0.6716237942122186 0.39725 0.6708199356913184
0 0.31475 0.6740353697749196 0.3245 0.6780546623794212 0.324 0.6820739549839229 0.32625 0.6856913183279743 0.32475 0.6872990353697749 0.2995 0.6840836012861736 0.29875 0.6788585209003215 0.302 0.6752411575562701 0.3145 0.6740353697749196
0 0.502 0.6571543408360129 0.50225 0.6655948553054662 0.49725 0.6732315112540193 0.49475 0.6820739549839229 0.48475 0.680064308681672 0.48375 0.6732315112540193 0.491 0.6627813504823151 0.49475 0.6672025723472669 0.4975 0.6595659163987139 0.50175 0.6571543408360129
0 0.346 0.6784565916398714 0.3475 0.6852893890675241 0.34225 0.6897106109324759 0.33825 0.6889067524115756 0.338 0.6820739549839229 0.34175 0.6780546623794212 0.34575 0.6784565916398714
0 0.363 0.6760450160771704 0.36475 0.6784565916398714 0.3635 0.6852893890675241 0.35925 0.6877009646302251 0.3505 0.6852893890675241 0.35375 0.6832797427652733 0.355 0.6772508038585209 0.36275 0.6760450160771704
0 0.393 0.6639871382636656 0.398 0.6720257234726688 0.39325 0.672427652733119 0.387 0.6836816720257235 0.3825 0.6792604501607717 0.38075 0.6716237942122186 0.386 0.6643890675241158 0.39275 0.6639871382636656
0 0.41875 0.6885048231511254 0.421 0.6965434083601286 0.42125 0.7102090032154341 0.42525 0.707395498392283 0.424 0.7238745980707395 0.426 0.7323151125401929 0.421 0.7355305466237942 0.41825 0.729903536977492 0.41675 0.7347266881028939 0.4185 0.737540192926045 0.41175 0.7447749196141479 0.413 0.7303054662379421 0.41025 0.7134244372990354 0.40325 0.6957395498392283 0.39825 0.692524115755627 0.4075 0.6885048231511254 0.4185 0.6885048231511254
0 0.3975 0.662379421221865 0.404 0.6672025723472669 0.401 0.6812700964630225 0.394 0.6740353697749196 0.38725 0.6792604501607717 0.3855 0.6752411575562701 0.38725 0.6696141479099679 0.39725 0.6627813504823151
0 0.412 0.6708199356913184 0.41975 0.6716237942122186 0.419 0.6784565916398714 0.42175 0.6792604501607717 0.42225 0.682475884244373 0.4185 0.690112540192926 0.4115 0.6872990353697749 0.408 0.6889067524115756 0.41075 0.682475884244373 0.41 0.6716237942122186 0.41175 0.6708199356913184
0 0.262 0.6885048231511254 0.26175 0.692524115755627 0.2565 0.6961414790996785 0.255 0.7037781350482315 0.2505 0.7098070739549839 0.24925 0.7057877813504824 0.24475 0.7033762057877814 0.2455 0.6953376205787781 0.23875 0.6885048231511254 0.2375 0.6820739549839229 0.2485 0.6812700964630225 0.2545 0.690112540192926 0.26175 0.6889067524115756
0 0.39475 0.667604501607717 0.399 0.6716237942122186 0.39825 0.6760450160771704 0.39375 0.6732315112540193 0.38825 0.6836816720257235 0.38425 0.6820739549839229 0.381 0.6752411575562701 0.387 0.6672025723472669 0.3945 0.667604501607717
0 0 0.8368167202572347 0.0055 0.8380225080385852 0.006 0.8729903536977492 0.00175 0.9272508038585209 0 0.9292604501607717 0 0.8372186495176849
0 0.2735 0.6844855305466238 0.2795 0.6852893890675241 0.281 0.6893086816720257 0.26925 0.6917202572347267 0.2585 0.6981511254019293 0.258 0.6941318327974276 0.26225 0.6881028938906752 0.27325 0.6844855305466238
0 0.42 0.6881028938906752 0.42525 0.7001607717041801 0.42775 0.7146302250803859 0.4265 0.7319131832797428 0.422 0.735128617363344 0.42025 0.7307073954983923 0.41975 0.7106109324758842 0.4155 0.6941318327974276 0.41575 0.6889067524115756 0.41975 0.6881028938906752
0 0.437 0.6708199356913184 0.44175 0.6752411575562701 0.44 0.6784565916398714 0.427 0.6804662379421221 0.423 0.6828778135048231 0.42175 0.6885048231511254 0.4215 0.6820739549839229 0.42475 0.6712218649517685 0.43675 0.6708199356913184
0 0.46475 0.672427652733119 0.4675 0.6744372990353698 0.46675 0.6820739549839229 0.4565 0.6844855305466238 0.4545 0.682475884244373 0.45575 0.6748392282958199 0.4645 0.672427652733119
0 0.38475 0.6680064308681672 0.38725 0.6756430868167203 0.3805 0.6828778135048231 0.37075 0.6752411575562701 0.37325 0.6684083601286174 0.3845 0.6680064308681672
0 0.5065 0.6579581993569131 0.50775 0.6712218649517685 0.512 0.6708199356913184 0.514 0.6788585209003215 0.50375 0.682475884244373 0.49825 0.6788585209003215 0.49475 0.6812700964630225 0.48925 0.6784565916398714 0.48775 0.6744372990353698 0.49125 0.6635852090032154 0.49775 0.6619774919614148 0.50125 0.657556270096463 0.50625 0.6579581993569131
0 0 0.8368167202572347 0.0055 0.8380225080385852 0.006 0.8758038585209004 0.00175 0.9268488745980707 0 0.9288585209003215 0 0.8372186495176849
0 0.44025 0.6784565916398714 0.44475 0.6820739549839229 0.446 0.6929260450160771 0.439 0.72508038585209 0.43225 0.7355305466237942 0.42875 0.7343247588424437 0.42675 0.7262861736334405 0.42725 0.7130225080385852 0.42275 0.6868971061093248 0.42525 0.6804662379421221 0.44 0.6784565916398714
0 0.49275 0.6643890675241158 0.49875 0.6643890675241158 0.49475 0.680064308681672 0.48425 0.6792604501607717 0.48275 0.6752411575562701 0.4875 0.6668006430868167 0.4925 0.6643890675241158
0 0.439 0.6768488745980707 0.44325 0.6784565916398714 0.446 0.692524115755627 0.439 0.7138263665594855 0.436 0.7102090032154341 0.4325 0.7138263665594855 0.42875 0.7114147909967846 0.42125 0.6889067524115756 0.42575 0.6784565916398714 0.43875 0.6768488745980707
0 0.3975 0.6639871382636656 0.40225 0.667604501607717 0.401 0.6788585209003215 0.39375 0.6728295819935691 0.38675 0.682475884244373 0.38325 0.6756430868167203 0.3835 0.6720257234726688 0.38775 0.6672025723472669 0.39725 0.6643890675241158
0 0.3975 0.6647909967845659 0.40175 0.6680064308681672 0.40075 0.6852893890675241 0.39575 0.6889067524115756 0.397 0.6860932475884244 0.39575 0.6828778135048231 0.387 0.6832797427652733 0.38325 0.677652733118971 0.384 0.6716237942122186 0.38725 0.6672025723472669 0.39725 0.6651929260450161
0 0.74175 0.6917202572347267 0.7715 0.6913183279742765 0.8005 0.694935691318328 0.80875 0.6993569131832797 0.78275 0.7459807073954984 0.7765 0.739951768488746 0.7645 0.7391479099678456 0.7575 0.7467845659163987 0.7565 0.7520096463022508 0.7585 0.7592443729903537 0.76175 0.7640675241157556 0.76975 0.7652733118971061 0.77075 0.7688906752411575 0.75775 0.7889871382636656 0.75025 0.8348070739549839 0.74125 0.8388263665594855 0.73775 0.8532958199356914 0.733 0.8561093247588425 0.7265 0.8561093247588425 0.72225 0.852491961414791 0.72 0.8303858520900321 0.71825 0.8259646302250804 0.7135 0.8227491961414791 0.71025 0.8251607717041801 0.7065 0.8396302250803859 0.69925 0.840032154340836 0.69425 0.8356109324758842 0.6915 0.807475884244373 0.694 0.7797427652733119 0.6925 0.7664790996784566 0.6995 0.7520096463022508 0.69825 0.7371382636655949 0.7135 0.7327170418006431 0.72425 0.7029742765273312 0.7415 0.6917202572347267
0 0.427 0.6696141479099679 0.4305 0.6752411575562701 0.4245 0.6808681672025724 0.42175 0.6885048231511254 0.414 0.6856913183279743 0.414 0.6716237942122186 0.42675 0.6696141479099679
0 0.45325 0.6704180064308681 0.4585 0.6748392282958199 0.45825 0.6788585209003215 0.454 0.6820739549839229 0.44575 0.6752411575562701 0.453 0.6704180064308681
0 0.429 0.6712218649517685 0.436 0.6768488745980707 0.42425 0.6828778135048231 0.42175 0.6913183279742765 0.41475 0.6860932475884244 0.41475 0.6780546623794212 0.41525 0.6828778135048231 0.41825 0.684887459807074 0.42275 0.6716237942122186 0.42875 0.6712218649517685
0 0.39075 0.6877009646302251 0.398 0.6889067524115756 0.4045 0.6989549839228296 0.4055 0.7069935691318328 0.40375 0.7134244372990354 0.4065 0.7166398713826366 0.4085 0.7270900321543409 0.409 0.7447749196141479 0.40425 0.7564308681672026 0.39825 0.760048231511254 0.3945 0.7584405144694534 0.39325 0.7504019292604501 0.39375 0.7443729903536977 0.3975 0.7435691318327974 0.39975 0.7387459807073955 0.39675 0.7178456591639871 0.393 0.7110128617363344 0.3895 0.6953376205787781 0.38 0.692524115755627 0.3815 0.6889067524115756 0.3905 0.6877009646302251
0 0.43075 0.6684083601286174 0.43675 0.6692122186495176 0.44175 0.6752411575562701 0.439 0.6784565916398714 0.42325 0.6820739549839229 0.42175 0.6872990353697749 0.42375 0.6716237942122186 0.4305 0.6684083601286174
0 0.34 0.6804662379421221 0.3435 0.6856913183279743 0.33925 0.6897106109324759 0.3245 0.6856913183279743 0.32425 0.6820739549839229 0.32825 0.6792604501607717 0.33975 0.6804662379421221
0 0.37925 0.6744372990353698 0.3815 0.6784565916398714 0.38 0.6840836012861736 0.36325 0.6881028938906752 0.353 0.6856913183279743 0.35875 0.6784565916398714 0.379 0.6744372990353698
0 0 0.6909163987138264 0.0195 0.6941318327974276 0.02275 0.6961414790996785 0.028 0.7061897106109325 0.026 0.7102090032154341 0 0.715032154340836 0 0.6913183279742765
0 0.46675 0.670016077170418 0.46925 0.6716237942122186 0.4685 0.6808681672025724 0.4605 0.6828778135048231 0.45725 0.6804662379421221 0.457 0.6752411575562701 0.459 0.6720257234726688 0.4665 0.6704180064308681
0 0.41475 0.7009646302250804 0.41825 0.7057877813504824 0.42075 0.7158360128617364 0.4185 0.737540192926045 0.41125 0.7463826366559485 0.4105 0.7178456591639871 0.40325 0.692524115755627 0.40675 0.6889067524115756 0.411 0.6889067524115756 0.41175 0.692524115755627 0.4095 0.6993569131832797 0.41125 0.7021704180064309 0.4145 0.7013665594855305
0 0.557 0.6603697749196141 0.56425 0.6627813504823151 0.56825 0.6684083601286174 0.5695 0.6893086816720257 0.568 0.6937299035369775 0.565 0.6945337620578779 0.54625 0.6933279742765274 0.53875 0.6893086816720257 0.535 0.682475884244373 0.5385 0.6659967845659164 0.545 0.6607717041800643 0.55675 0.6603697749196141
0 0.27325 0.6852893890675241 0.27625 0.6889067524115756 0.2585 0.6981511254019293 0.2565 0.6965434083601286 0.25675 0.6933279742765274 0.262 0.6868971061093248 0.273 0.6852893890675241
0 0.457 0.6748392282958199 0.4585 0.6816720257234726 0.4495 0.6889067524115756 0.44625 0.6877009646302251 0.44375 0.6784565916398714 0.44925 0.6736334405144695 0.45675 0.6748392282958199
0 0.47775 0.672427652733119 0.484 0.6784565916398714 0.474 0.6808681672025724 0.4695 0.6796623794212219 0.46925 0.6756430868167203 0.4735 0.6720257234726688 0.4775 0.672427652733119
0 0.28175 0.6868971061093248 0.2845 0.6893086816720257 0.276 0.7090032154340836 0.2705 0.7069935691318328 0.26925 0.7029742765273312 0.272 0.6997588424437299 0.276 0.7009646302250804 0.27575 0.6957395498392283 0.27375 0.6989549839228296 0.26725 0.6989549839228296 0.2685 0.7029742765273312 0.2665 0.7045819935691319 0.26175 0.6989549839228296 0.2555 0.7098070739549839 0.254 0.7081993569131833 0.25375 0.6993569131832797 0.25675 0.692524115755627 0.26475 0.6877009646302251 0.2815 0.6868971061093248
0 0.461 0.6732315112540193 0.46675 0.6784565916398714 0.45325 0.6840836012861736 0.44925 0.6748392282958199 0.453 0.6716237942122186 0.46075 0.6732315112540193
0 0.677 0.6989549839228296 0.68475 0.7029742765273312 0.693 0.7166398713826366 0.6925 0.7282958199356914 0.69 0.7303054662379421 0.68225 0.7290996784565916 0.67825 0.7234726688102894 0.67375 0.7065916398713826 0.66925 0.6993569131832797 0.67675 0.6989549839228296
0 0.58525 0.6921221864951769 0.599 0.6937299035369775 0.60725 0.7057877813504824 0.60725 0.7134244372990354 0.59775 0.7568327974276527 0.59525 0.760048231511254 0.584 0.7584405144694534 0.58075 0.7254823151125402 0.5745 0.7162379421221865 0.571 0.7041800643086816 0.571 0.6993569131832797 0.5735 0.6957395498392283 0.585 0.6921221864951769
0 0.43975 0.6692122186495176 0.44575 0.6732315112540193 0.44275 0.6796623794212219 0.42825 0.6796623794212219 0.42275 0.682475884244373 0.42175 0.6864951768488746 0.42475 0.6712218649517685 0.4395 0.6692122186495176
0 0.38875 0.6792604501607717 0.394 0.6860932475884244 0.3975 0.6796623794212219 0.40075 0.6860932475884244 0.39975 0.6905144694533762 0.384 0.6856913183279743 0.387 0.6788585209003215 0.3885 0.6792604501607717
0 0.35075 0.6764469453376206 0.35725 0.6788585209003215 0.35925 0.6856913183279743 0.34525 0.6897106109324759 0.342 0.6889067524115756 0.34275 0.6792604501607717 0.3505 0.6764469453376206
0 0.41125 0.670016077170418 0.42175 0.6712218649517685 0.4225 0.677652733118971 0.42175 0.6840836012861736 0.41825 0.6889067524115756 0.4145 0.6881028938906752 0.411 0.6792604501607717 0.41125 0.6704180064308681
0 0.48525 0.6756430868167203 0.0115 0.01045016077170418
0 0.3785 0.6748392282958199 0.381 0.6784565916398714 0.3785 0.6856913183279743 0.3645 0.6881028938906752 0.35725 0.6856913183279743 0.36 0.6784565916398714 0.37825 0.6748392282958199
0 0.3425 0.677652733118971 0.34525 0.6792604501607717 0.346 0.6856913183279743 0.342 0.6897106109324759 0.33775 0.6889067524115756 0.336 0.6820739549839229 0.34225 0.677652733118971
0 0.38775 0.6828778135048231 0.39075 0.6852893890675241 0.391 0.692524115755627 0.38375 0.6929260450160771 0.377 0.6917202572347267 0.37525 0.6889067524115756 0.38025 0.6836816720257235 0.3875 0.6828778135048231
0 0.4045 0.6587620578778135 0.41 0.6611736334405145 0.4115 0.6756430868167203 0.40775 0.6716237942122186 0.4045 0.6720257234726688 0.40075 0.6840836012861736 0.3995 0.6784565916398714 0.394 0.6720257234726688 0.387 0.6748392282958199 0.38575 0.6647909967845659 0.3945 0.6591639871382636 0.40425 0.6587620578778135