0 0.5819692157341803 0.348112861854159 0.5841680918641583 0.3587394650054965 0.5841680918641583 0.369366068156834 0.5824578548741755 0.3704653719311103 0.5704861959442952 0.37009893733968485 0.5692645980943074 0.36643459142543056 0.5712191546542879 0.34847929644558445 0.5817248961641828 0.348112861854159
0 0.42902516491570974 0.31733235617442285 0.43415587588565846 0.3213631366801026 0.434400195455656 0.33418834737999265 0.43244563889567555 0.3367533895199707 0.4221842169557782 0.337852693294247 0.4204739799657953 0.33528765115426895 0.42120693867578796 0.32099670208867714 0.4287808453457122 0.31733235617442285
0 0.4920596139750794 0.27519237816049835 0.49474712924505254 0.2795895932576035 0.49132665526508673 0.285086112128985 0.48741754214512584 0.2839868083547087 0.486195944295138 0.2792231586661781 0.4876618617151234 0.2759252473433492 0.49181529440508187 0.27519237816049835
0 0.5484974346445151 0.3155001832172957 0.5509406303444906 0.316599486991572 0.552406547764476 0.3213631366801026 0.552406547764476 0.32502748259435693 0.5504519912044955 0.3264932209600586 0.5436110432445639 0.3246610480029315 0.5448326410945517 0.31733235617442285 0.5482531150745175 0.3155001832172957
0 0.5966283899340337 0.44558446317332356 0.6012704617639872 0.4496152436790033 0.6068898118739311 0.46610480029314766 0.6066454923039335 0.48772444118724806 0.5817248961641828 0.48882374496152436 0.578304422184217 0.4862587028215464 0.5761055460542389 0.47636496885305973 0.5758612264842414 0.45950897764748994 0.5778157830442219 0.4525467204104067 0.5836794527241632 0.44558446317332356 0.5963840703640362 0.44558446317332356
0 0.533105301734669 0.32869182850861123 0.5387246518446127 0.3360205203371198 0.533105301734669 0.345547819714181 0.5287075494747129 0.3426163429827776 0.5262643537747373 0.3349212165628435 0.5277302711947227 0.33052400146573835 0.5328609821646714 0.32869182850861123
0 0.617395553383826 0.5027482594356907 0.630100171023699 0.5060461707585197 0.6376740776936233 0.5185049468669842 0.6423161495235769 0.5474532795895932 0.6418275103835818 0.5573470135580799 0.638407036403616 0.5610113594723342 0.6164182751038358 0.5562477097838036 0.6100659662838993 0.5588127519237817 0.6078670901539214 0.5569805789666544 0.6029806987539702 0.541223891535361 0.6024920596139751 0.5272993770611946 0.6051795748839482 0.5082447783070722 0.6076227705839238 0.5045804323928179 0.6171512338138285 0.5027482594356907
0 0.48350842902516494 0.32795895932576036 0.486195944295138 0.3319897398314401 0.4864402638651356 0.3525100769512642 0.48424138773515757 0.3558079882740931 0.47031517224529684 0.35507511909124223 0.46689469826533103 0.3492121656284353 0.4710481309552895 0.32905826310003666 0.48326410945516735 0.32795895932576036
0 0.4634742242853653 0.268962990106266 0.46860493525531394 0.27152803224624406 0.46860493525531394 0.2784902894833272 0.4620083068653799 0.2792231586661781 0.4632299047153677 0.26932942469769144
0 0.5189347666748106 0.34847929644558445 0.5213779623747862 0.35910589959692196 0.5189347666748106 0.3708318065225357 0.5098949425849011 0.369366068156834 0.5081847055949181 0.36533528765115425 0.5103835817248962 0.3492121656284353 0.5135597361348644 0.34701355807988277 0.518690447104813 0.34847929644558445
0 0.470803811385292 0.4290949065591792 0.4788663571952113 0.43715646757053866 0.477400439775226 0.4664712348845731 0.47446860493525533 0.46903627702455114 0.47031517224529684 0.46427262733602054 0.45834351331541656 0.464639061927446 0.45345712191546544 0.46903627702455114 0.45003664793549963 0.4657383657017222 0.4495480087955045 0.4507145474532796 0.4524798436354752 0.43239281788200806 0.4563889567554361 0.42872847196775377 0.4705594918152944 0.4290949065591792
0 0.561202052284388 0.38438988640527666 0.5658441241143416 0.38622205936240384 0.5675543611043244 0.38988640527665813 0.5687759589543122 0.40820813484792967 0.5675543611043244 0.41150604617075853 0.5541167847544588 0.4122389153536094 0.5504519912044955 0.40784170025650424 0.5509406303444906 0.39025283986808357 0.5536281456144637 0.3847563209967021 0.5609577327143904 0.38438988640527666
0 0.46396286342536036 0.295346280688897 0.4683606156853164 0.2997434957860022 0.4690935743953091 0.314034444851594 0.46005375030539947 0.316599486991572 0.4561446371854386 0.3144008794430194 0.4568775958954312 0.30340784170025653 0.4595651111654043 0.2960791498717479 0.4637185438553628 0.295346280688897
0 0.49132665526508673 0.2843532429461341 0.49401417053505986 0.2869182850861121 0.49474712924505254 0.29937706119457674 0.48448570730515517 0.30047636496885305 0.4830197898851698 0.29681201905459875 0.4837527485951625 0.2891168926346647 0.4871732225751283 0.28471967753755956 0.4910823356950892 0.2843532429461341
0 0.44832641094551673 0.28838402345181385 0.4505252870754948 0.29314767314034446 0.4495480087955045 0.3012092341517039 0.44124114341558757 0.3012092341517039 0.4390422672856096 0.2975448882374496 0.4424627412655754 0.287651154268963 0.4480820913755192 0.28838402345181385
0 0.604690935743953 0.39171857823378525 0.6098216467139018 0.39281788200806156 0.6120205228438798 0.39758153169659216 0.6142193989738578 0.40967387321363136 0.61299780112387 0.42359838768779773 0.5983386269240166 0.422132649322096 0.5961397507940386 0.4184683034078417 0.5951624725140484 0.40967387321363136 0.5976056682140239 0.3942836203737633 0.6044466161739556 0.39171857823378525
0 0.4495480087955045 0.3253939171857823 0.45443440019545567 0.3312568706485892 0.45321280234546785 0.3536093807255405 0.43879794771561204 0.35141077317698793 0.43879794771561204 0.3283253939171858 0.4424627412655754 0.32502748259435693 0.44930368922550695 0.3253939171857823
0 0.539701930124603 0.33748625870282156 0.5438553628145615 0.34188347379992673 0.5445883215245542 0.3536093807255405 0.5431224041045688 0.3565408574569439 0.5333496213046665 0.35544155368266767 0.5343268995846567 0.34188347379992673 0.5394576105546054 0.33748625870282156
0 0.5477644759345224 0.36460241846830344 0.5519179086244809 0.36899963356540855 0.5526508673344734 0.38182484426529867 0.5504519912044955 0.3847563209967021 0.5411678475445884 0.38622205936240384 0.5365257757146348 0.3840234518138512 0.5357928170046421 0.3755954562110663 0.539701930124603 0.3660681568340051 0.5475201563645248 0.36460241846830344
0 0.518201807964818 0.3330890436057164 0.5208893232347911 0.3349212165628435 0.5228438797947715 0.3415170392085013 0.5228438797947715 0.3451813851227556 0.5196677253848033 0.3488457310370099 0.5113608600048863 0.348112861854159 0.5084290251649157 0.34224990839135216 0.5086733447349132 0.3371198241113961 0.5116051795748839 0.3330890436057164 0.5179574883948205 0.3330890436057164
0 0.5306621060346933 0.45511176255038477 0.5401905692645981 0.45474532795895933 0.5453212802345467 0.45767680469036276 0.5497190324945028 0.4770978380359106 0.5533838260444661 0.4807621839501649 0.5509406303444906 0.4869915720043972 0.550696310774493 0.5119091242213265 0.5433667236745663 0.5133748625870282 0.524798436354752 0.5133748625870282 0.5211336428047887 0.508977647489923 0.5211336428047887 0.4902894833272261 0.5189347666748106 0.48039574935873947 0.5218666015147814 0.4759985342616343 0.5240654776447593 0.45767680469036276 0.5304177864646958 0.45511176255038477
0 0.5340825800146591 0.41150604617075853 0.5387246518446127 0.41333821912788565 0.5409235279745908 0.41810186881641626 0.5409235279745908 0.4496152436790033 0.5191790862448082 0.4518138512275559 0.5164915709748351 0.44265298644192014 0.5184461275348156 0.4137046537193111 0.5338382604446616 0.41150604617075853
0 0.5509406303444906 0.5324294613411507 0.5660884436843391 0.5349945034811286 0.5709748350842903 0.5441553682667644 0.5746396286342536 0.5690729204836936 0.5780601026142194 0.5734701355807988 0.5753725873442462 0.5840967387321363 0.5768385047642316 0.6130450714547453 0.5746396286342536 0.6218395016489556 0.5675543611043244 0.6163429827775742 0.5392132909846079 0.6178087211432759 0.5360371365746396 0.575302308537926 0.5392132909846079 0.5382924148039575 0.5428780845345712 0.5331623305240014 0.550696310774493 0.5324294613411507
0 0.5189347666748106 0.2891168926346647 0.5223552406547765 0.29094906559179184 0.522599560224774 0.295346280688897 0.5162472514048375 0.2946134115060462 0.5157586122648424 0.2916819347746427 0.518690447104813 0.28948332722609016
0 0.6801145858783288 0.8013543422499084 0.7468790618128512 0.8054239648222792 0.7436222819447839 0.7321663613045072 0.7392799902272172 0.6776299010626603 0.7327661861715123 0.634489190179553 0.7121399951136087 0.6011161597654818 0.6600310285853898 0.6043719311102967 0.6596628389934034 0.6038028581898132 0.654602980698754 0.7386779039941371 0.6801145858783288 0.8013543422499084