0 0.7112268518518519 0.5384114583333334 0.7164351851851852 0.5431857638888888 0.7178819444444444 0.55859375 0.7141203703703703 0.5631510416666666 0.7100694444444444 0.5640190972222222 0.6927083333333334 0.5592447916666666 0.6918402777777778 0.5464409722222222 0.6953125 0.5434027777777778 0.7109375 0.5384114583333334
0 0.34866898148148145 0.6124131944444444 0.35358796296296297 0.6208767361111112 0.35474537037037035 0.6293402777777778 0.3521412037037037 0.6501736111111112 0.3449074074074074 0.6599392361111112 0.3263888888888889 0.6579861111111112 0.328125 0.6219618055555556 0.3365162037037037 0.6187065972222222 0.3382523148148148 0.6158854166666666 0.3420138888888889 0.6169704861111112 0.34866898148148145 0.6126302083333334
0 0.3151041666666667 0.5789930555555556 0.3350694444444444 0.5789930555555556 0.3446180555555556 0.5855034722222222 0.3605324074074074 0.5922309027777778 0.36226851851851855 0.5952690972222222 0.3611111111111111 0.6197916666666666 0.3559027777777778 0.6241319444444444 0.3214699074074074 0.5900607638888888 0.3107638888888889 0.5894097222222222 0.3081597222222222 0.591796875 0.3029513888888889 0.5922309027777778 0.3003472222222222 0.591796875 0.30092592592592593 0.5881076388888888 0.2824074074074074 0.5909288194444444 0.26707175925925924 0.5881076388888888 0.2647569444444444 0.5850694444444444 0.27199074074074076 0.5811631944444444 0.3148148148148148 0.5789930555555556
0 0.5815972222222222 0.4021267361111111 0.5896990740740741 0.4045138888888889 0.5923032407407407 0.4123263888888889 0.5885416666666666 0.4151475694444444 0.5746527777777778 0.4129774305555556 0.5743634259259259 0.4060329861111111 0.5813078703703703 0.40234375
0 0.6475694444444444 0.5505642361111112 0.6504629629629629 0.552734375 0.6753472222222222 0.5516493055555556 0.6820023148148148 0.5531684027777778 0.6872106481481481 0.5575086805555556 0.6903935185185185 0.5694444444444444 0.6892361111111112 0.5744357638888888 0.6623263888888888 0.5740017361111112 0.6553819444444444 0.5805121527777778 0.6510416666666666 0.5926649305555556 0.6475694444444444 0.591796875 0.6414930555555556 0.5783420138888888 0.6420717592592593 0.5572916666666666 0.6475694444444444 0.55078125
0 0.5240162037037037 0.5381944444444444 0.5329861111111112 0.5401475694444444 0.5381944444444444 0.5466579861111112 0.5309606481481481 0.5531684027777778 0.5260416666666666 0.5620659722222222 0.5118634259259259 0.5607638888888888 0.5063657407407407 0.5581597222222222 0.5052083333333334 0.5544704861111112 0.5112847222222222 0.5399305555555556 0.5237268518518519 0.5381944444444444
0 0.19994212962962962 0.5818142361111112 0.21296296296296297 0.5833333333333334 0.22135416666666666 0.5872395833333334 0.2271412037037037 0.5959201388888888 0.22424768518518517 0.5985243055555556 0.20688657407407407 0.6002604166666666 0.19270833333333334 0.6078559027777778 0.18547453703703703 0.6026475694444444 0.17332175925925927 0.6032986111111112 0.16493055555555555 0.599609375 0.16145833333333334 0.6002604166666666 0.15885416666666666 0.5848524305555556 0.16145833333333334 0.5822482638888888 0.1996527777777778 0.5818142361111112
0 0.5251736111111112 0.46875 0.5298032407407407 0.4769965277777778 0.5292245370370371 0.4809027777777778 0.5190972222222222 0.4806857638888889 0.5167824074074074 0.4782986111111111 0.5196759259259259 0.4702690972222222 0.5248842592592593 0.46875
0 0.26244212962962965 0.5842013888888888 0.26880787037037035 0.5883246527777778 0.26851851851851855 0.591796875 0.2508680555555556 0.59375 0.24479166666666666 0.6011284722222222 0.22800925925925927 0.5961371527777778 0.2259837962962963 0.5883246527777778 0.23900462962962962 0.5852864583333334 0.2621527777777778 0.5842013888888888
0 0.7413194444444444 0.53515625 0.7523148148148148 0.5355902777777778 0.7615740740740741 0.5386284722222222 0.7641782407407407 0.5457899305555556 0.7621527777777778 0.5514322916666666 0.7583912037037037 0.5503472222222222 0.7410300925925926 0.5531684027777778 0.7378472222222222 0.5399305555555556 0.7410300925925926 0.5353732638888888
0 0.4835069444444444 0.3865017361111111 0.4866898148148148 0.388671875 0.4866898148148148 0.39453125 0.4809027777777778 0.3999565972222222 0.4739583333333333 0.3967013888888889 0.47019675925925924 0.3980034722222222 0.4670138888888889 0.3938802083333333 0.4730902777777778 0.3865017361111111 0.4832175925925926 0.3865017361111111
0 0.2456597222222222 0.5653211805555556 0.25 0.5681423611111112 0.2526041666666667 0.5822482638888888 0.22743055555555555 0.5887586805555556 0.21296296296296297 0.5831163194444444 0.1857638888888889 0.5809461805555556 0.18518518518518517 0.5672743055555556 0.24537037037037038 0.5653211805555556
0 0.7259837962962963 0.5620659722222222 0.7468171296296297 0.5533854166666666 0.7618634259259259 0.5503472222222222 0.7641782407407407 0.560546875 0.7624421296296297 0.5713975694444444 0.7450810185185185 0.580078125 0.7340856481481481 0.5787760416666666 0.7306134259259259 0.5809461805555556 0.7274305555555556 0.5681423611111112 0.7242476851851852 0.5818142361111112 0.7184606481481481 0.5828993055555556 0.7106481481481481 0.5822482638888888 0.7063078703703703 0.5792100694444444 0.7054398148148148 0.5709635416666666 0.7100694444444444 0.5661892361111112 0.7256944444444444 0.5620659722222222
0 0.41608796296296297 0.4702690972222222 0.41869212962962965 0.4741753472222222 0.4152199074074074 0.4835069444444444 0.39380787037037035 0.4856770833333333 0.38657407407407407 0.484375 0.38686342592592593 0.4748263888888889 0.3900462962962963 0.4704861111111111 0.4157986111111111 0.4702690972222222
0 0.4131944444444444 0.5750868055555556 0.42824074074074076 0.5772569444444444 0.4357638888888889 0.5846354166666666 0.43605324074074076 0.5894097222222222 0.43373842592592593 0.5920138888888888 0.42563657407407407 0.5935329861111112 0.42042824074074076 0.5967881944444444 0.4079861111111111 0.6095920138888888 0.39380787037037035 0.6095920138888888 0.3871527777777778 0.6063368055555556 0.38686342592592593 0.5887586805555556 0.3984375 0.5776909722222222 0.4129050925925926 0.5750868055555556
0 0.2913773148148148 0.6447482638888888 0.3038194444444444 0.6495225694444444 0.31278935185185186 0.66796875 0.31105324074074076 0.6859809027777778 0.3038194444444444 0.703125 0.3012152777777778 0.7042100694444444 0.28096064814814814 0.6996527777777778 0.27546296296296297 0.7024739583333334 0.2690972222222222 0.69921875 0.26533564814814814 0.6825086805555556 0.2667824074074074 0.6486545138888888 0.29108796296296297 0.6447482638888888
0 0.5746527777777778 0.4144965277777778 0.5833333333333334 0.4181857638888889 0.5818865740740741 0.4253472222222222 0.5746527777777778 0.4348958333333333 0.5711805555555556 0.4333767361111111 0.5653935185185185 0.421875 0.5679976851851852 0.4164496527777778 0.5743634259259259 0.4144965277777778
0 0.4427083333333333 0.4244791666666667 0.44733796296296297 0.4251302083333333 0.44936342592592593 0.4283854166666667 0.4479166666666667 0.4346788194444444 0.4427083333333333 0.4392361111111111 0.4369212962962963 0.4372829861111111 0.4331597222222222 0.4288194444444444 0.4351851851851852 0.4253472222222222 0.44241898148148145 0.4244791666666667
0 0 0.7052951388888888 0.005208333333333333 0.7055121527777778 0.008680555555555556 0.7081163194444444 0.010127314814814815 0.7237413194444444 0.008680555555555556 0.7376302083333334 0.0026041666666666665 0.7376302083333334 0.00318287037037037 0.7341579861111112 0 0.7337239583333334 0 0.7055121527777778
0 0.5144675925925926 0.4127604166666667 0.5193865740740741 0.4177517361111111 0.5202546296296297 0.4286024305555556 0.5190972222222222 0.4322916666666667 0.515625 0.43359375 0.5083912037037037 0.4275173611111111 0.5014467592592593 0.4290364583333333 0.5 0.4233940972222222 0.5014467592592593 0.4142795138888889 0.5141782407407407 0.4127604166666667
0 0.6111111111111112 0.4728732638888889 0.6203703703703703 0.4743923611111111 0.6212384259259259 0.4809027777777778 0.6006944444444444 0.4819878472222222 0.5914351851851852 0.4813368055555556 0.5908564814814815 0.4756944444444444 0.5951967592592593 0.4733072916666667 0.6108217592592593 0.4728732638888889
0 0.4878472222222222 0.5101996527777778 0.49594907407407407 0.5125868055555556 0.4910300925925926 0.5290798611111112 0.48755787037037035 0.529296875 0.48466435185185186 0.5225694444444444 0.48755787037037035 0.5104166666666666
0 0.3958333333333333 0.5184461805555556 0.4007523148148148 0.5186631944444444 0.40480324074074076 0.5221354166666666 0.4053819444444444 0.5442708333333334 0.4010416666666667 0.5505642361111112 0.3839699074074074 0.5486111111111112 0.3726851851851852 0.5499131944444444 0.36921296296296297 0.5475260416666666 0.3695023148148148 0.5243055555555556 0.37702546296296297 0.5199652777777778 0.39554398148148145 0.5184461805555556
0 0.4791666666666667 0.4830729166666667 0.484375 0.4871961805555556 0.4832175925925926 0.4993489583333333 0.4710648148148148 0.5017361111111112 0.46730324074074076 0.4945746527777778 0.46672453703703703 0.484375 0.4788773148148148 0.4830729166666667
0 0 0.8016493055555556 0.005787037037037037 0.8033854166666666 0.018229166666666668 0.818359375 0.030381944444444444 0.8248697916666666 0.03587962962962963 0.8391927083333334 0.038483796296296294 0.85546875 0.03501157407407408 0.8771701388888888 0.028645833333333332 0.8784722222222222 0.018229166666666668 0.875 0.013020833333333334 0.8797743055555556 0.009548611111111112 0.892578125 0 0.8956163194444444 0 0.8018663194444444
0 0.6024305555555556 0.6918402777777778 0.6299189814814815 0.6946614583333334 0.6377314814814815 0.7007378472222222 0.6426504629629629 0.7083333333333334 0.6464120370370371 0.7222222222222222 0.6429398148148148 0.7580295138888888 0.6368634259259259 0.7593315972222222 0.6296296296296297 0.7532552083333334 0.6212384259259259 0.7506510416666666 0.5844907407407407 0.7508680555555556 0.5642361111111112 0.748046875 0.5645254629629629 0.7235243055555556 0.5691550925925926 0.7087673611111112 0.5769675925925926 0.6957465277777778 0.5824652777777778 0.6935763888888888 0.6021412037037037 0.6920572916666666
0 0.48408564814814814 0.3938802083333333 0.48466435185185186 0.408203125 0.48061342592592593 0.4151475694444444 0.4774305555555556 0.4144965277777778 0.4748263888888889 0.4086371527777778 0.46875 0.4045138888888889 0.4681712962962963 0.3973524305555556 0.4713541666666667 0.39453125 0.4837962962962963 0.3938802083333333
0 0.4131944444444444 0.6145833333333334 0.4320023148148148 0.6158854166666666 0.44328703703703703 0.6302083333333334 0.4427083333333333 0.6410590277777778 0.4357638888888889 0.6549479166666666 0.4227430555555556 0.6382378472222222 0.41116898148148145 0.6358506944444444 0.3923611111111111 0.6354166666666666 0.3923611111111111 0.6271701388888888 0.3871527777777778 0.6219618055555556 0.39380787037037035 0.6215277777777778 0.4039351851851852 0.6154513888888888 0.4129050925925926 0.6145833333333334
0 0.22974537037037038 0.5959201388888888 0.24450231481481483 0.5991753472222222 0.24681712962962962 0.6015625 0.2465277777777778 0.6265190972222222 0.19733796296296297 0.6286892361111112 0.19155092592592593 0.6265190972222222 0.19126157407407407 0.6121961805555556 0.1941550925925926 0.6059027777777778 0.20949074074074073 0.5983072916666666 0.2271412037037037 0.5941840277777778 0.22945601851851852 0.5959201388888888
0 0.29716435185185186 0.732421875 0.3385416666666667 0.7350260416666666 0.3428819444444444 0.7371961805555556 0.35127314814814814 0.748046875 0.359375 0.7680121527777778 0.359375 0.7866753472222222 0.3538773148148148 0.7916666666666666 0.3521412037037037 0.7994791666666666 0.3420138888888889 0.8044704861111112 0.3394097222222222 0.7760416666666666 0.33449074074074076 0.7647569444444444 0.3246527777777778 0.751953125 0.3168402777777778 0.7497829861111112 0.3107638888888889 0.7521701388888888 0.2760416666666667 0.7532552083333334 0.26186342592592593 0.7482638888888888 0.26851851851851855 0.7369791666666666 0.2722800925925926 0.7345920138888888 0.296875 0.732421875
0 0.6724537037037037 0.5425347222222222 0.6788194444444444 0.5464409722222222 0.6831597222222222 0.5466579861111112 0.6820023148148148 0.5505642361111112 0.6684027777777778 0.5549045138888888 0.6516203703703703 0.5562065972222222 0.6440972222222222 0.5559895833333334 0.6426504629629629 0.5538194444444444 0.6472800925925926 0.5436197916666666 0.6721643518518519 0.5425347222222222
0 0.4994212962962963 0.6818576388888888 0.5153356481481481 0.6838107638888888 0.5260416666666666 0.6946614583333334 0.5329861111111112 0.6957465277777778 0.5289351851851852 0.69921875 0.5324074074074074 0.7135416666666666 0.5309606481481481 0.7306857638888888 0.5260416666666666 0.7330729166666666 0.5208333333333334 0.7267795138888888 0.5118634259259259 0.7217881944444444 0.45601851851851855 0.7196180555555556 0.45023148148148145 0.7170138888888888 0.453125 0.7026909722222222 0.4696180555555556 0.6831597222222222 0.4991319444444444 0.6818576388888888
0 0.5746527777777778 0.4346788194444444 0.5865162037037037 0.4385850694444444 0.5850694444444444 0.4479166666666667 0.5682870370370371 0.4437934027777778 0.5743634259259259 0.4348958333333333
0 0.3489583333333333 0.6792534722222222 0.3697916666666667 0.6853298611111112 0.37991898148148145 0.6944444444444444 0.3897569444444444 0.6959635416666666 0.38425925925925924 0.69921875 0.3845486111111111 0.7198350694444444 0.3804976851851852 0.7235243055555556 0.36921296296296297 0.7139756944444444 0.3454861111111111 0.7107204861111112 0.3298611111111111 0.7111545138888888 0.31047453703703703 0.7152777777777778 0.3070023148148148 0.720703125 0.3046875 0.7065972222222222 0.3168402777777778 0.6866319444444444 0.32175925925925924 0.68359375 0.33883101851851855 0.6794704861111112 0.34866898148148145 0.6792534722222222
0 0.4574652777777778 0.720703125 0.5118634259259259 0.7233072916666666 0.5292245370370371 0.7350260416666666 0.5373263888888888 0.734375 0.5390625 0.7376302083333334 0.5271990740740741 0.7443576388888888 0.5324074074074074 0.7489149305555556 0.5341435185185185 0.7549913194444444 0.5347222222222222 0.7912326388888888 0.5338541666666666 0.7966579861111112 0.5303819444444444 0.7983940972222222 0.5222800925925926 0.7977430555555556 0.5141782407407407 0.7916666666666666 0.5028935185185185 0.7894965277777778 0.4592013888888889 0.7890625 0.44241898148148145 0.7942708333333334 0.4380787037037037 0.7886284722222222 0.4291087962962963 0.7838541666666666 0.4291087962962963 0.7623697916666666 0.4375 0.7413194444444444 0.4288194444444444 0.740234375 0.42592592592592593 0.7341579861111112 0.4322916666666667 0.7309027777777778 0.4392361111111111 0.7332899305555556 0.4461805555555556 0.7228732638888888 0.4522569444444444 0.7202690972222222 0.45717592592592593 0.720703125
0 0.17332175925925927 0.814453125 0.2204861111111111 0.8155381944444444 0.2332175925925926 0.8177083333333334 0.23929398148148148 0.8213975694444444 0.24739583333333334 0.8374565972222222 0.25144675925925924 0.8407118055555556 0.2552083333333333 0.8396267361111112 0.26273148148148145 0.8415798611111112 0.2644675925925926 0.8483072916666666 0.25752314814814814 0.8550347222222222 0.26157407407407407 0.8797743055555556 0.26186342592592593 0.9125434027777778 0.2595486111111111 0.9166666666666666 0.2554976851851852 0.9184027777777778 0.25144675925925924 0.9184027777777778 0.2488425925925926 0.9149305555555556 0.2523148148148148 0.8806423611111112 0.25 0.875 0.23900462962962962 0.8689236111111112 0.21325231481481483 0.8643663194444444 0.20630787037037038 0.857421875 0.1958912037037037 0.8515625 0.1791087962962963 0.8491753472222222 0.1675347222222222 0.8506944444444444 0.1574074074074074 0.8550347222222222 0.1478587962962963 0.8626302083333334 0.1412037037037037 0.8637152777777778 0.09895833333333333 0.8645833333333334 0.09606481481481481 0.8628472222222222 0.10185185185185185 0.8422309027777778 0.12008101851851852 0.818359375 0.1322337962962963 0.8153211805555556 0.1730324074074074 0.814453125
0 0.4068287037037037 0.5436197916666666 0.40596064814814814 0.5199652777777778 0.4166666666666667 0.5164930555555556 0.41984953703703703 0.5188802083333334 0.4192708333333333 0.5416666666666666 0.41811342592592593 0.5438368055555556 0.4071180555555556 0.5436197916666666
0 0.37818287037037035 0.5043402777777778 0.3871527777777778 0.5071614583333334 0.390625 0.5173611111111112 0.3883101851851852 0.5193142361111112 0.3732638888888889 0.5206163194444444 0.3695023148148148 0.5234375 0.3616898148148148 0.5223524305555556 0.36226851851851855 0.5084635416666666 0.3671875 0.5049913194444444 0.37789351851851855 0.5043402777777778
0 0.41695601851851855 0.6371527777777778 0.4253472222222222 0.6401909722222222 0.4320023148148148 0.6512586805555556 0.43171296296296297 0.6662326388888888 0.4288194444444444 0.6742621527777778 0.4184027777777778 0.6714409722222222 0.39033564814814814 0.6705729166666666 0.3767361111111111 0.6746961805555556 0.37297453703703703 0.6720920138888888 0.37355324074074076 0.6473524305555556 0.3810763888888889 0.6401909722222222 0.3900462962962963 0.6369357638888888 0.4166666666666667 0.6371527777777778
0 0.5951967592592593 0.4255642361111111 0.6006944444444444 0.4279513888888889 0.6018518518518519 0.4338107638888889 0.5989583333333334 0.4379340277777778 0.5891203703703703 0.4407552083333333 0.5784143518518519 0.4348958333333333 0.578125 0.4307725694444444 0.5850694444444444 0.4255642361111111 0.5949074074074074 0.4255642361111111
0 0.46498842592592593 0.5431857638888888 0.47366898148148145 0.5451388888888888 0.4774305555555556 0.5486111111111112 0.4791666666666667 0.5607638888888888 0.4774305555555556 0.5625 0.4699074074074074 0.5627170138888888 0.4600694444444444 0.5711805555555556 0.4525462962962963 0.5703125 0.4458912037037037 0.572265625 0.4383680555555556 0.5700954861111112 0.44039351851851855 0.5529513888888888 0.4496527777777778 0.5442708333333334 0.46469907407407407 0.5431857638888888
0 0.005208333333333333 0.70703125 0.008969907407407407 0.7098524305555556 0.010416666666666666 0.7760416666666666 0.006944444444444444 0.787109375 0.001736111111111111 0.7923177083333334 0 0.7923177083333334 0 0.7072482638888888 0.004918981481481482 0.70703125
0 0.5639467592592593 0.4220920138888889 0.5677083333333334 0.4244791666666667 0.5697337962962963 0.4314236111111111 0.5674189814814815 0.4403211805555556 0.5509259259259259 0.4398871527777778 0.5486111111111112 0.4359809027777778 0.5500578703703703 0.4242621527777778 0.5636574074074074 0.4220920138888889
0 0.4817708333333333 0.4709201388888889 0.4910300925925926 0.4737413194444444 0.4939236111111111 0.4772135416666667 0.4933449074074074 0.4817708333333333 0.48408564814814814 0.4848090277777778 0.4739583333333333 0.4835069444444444 0.47077546296296297 0.4809027777777778 0.4730902777777778 0.4733072916666667 0.48148148148148145 0.4709201388888889
0 0.5604745370370371 0.5054253472222222 0.5639467592592593 0.51171875 0.5616319444444444 0.5225694444444444 0.5358796296296297 0.5232204861111112 0.5321180555555556 0.515625 0.5324074074074074 0.5115017361111112 0.5364583333333334 0.5078125 0.5601851851851852 0.5056423611111112
0 0.5436921296296297 0.3990885416666667 0.5486111111111112 0.404296875 0.5465856481481481 0.4125434027777778 0.5364583333333334 0.412109375 0.5326967592592593 0.4077690972222222 0.5344328703703703 0.4008246527777778 0.5434027777777778 0.3990885416666667
0 0.5876736111111112 0.4830729166666667 0.5894097222222222 0.4954427083333333 0.5815972222222222 0.5021701388888888 0.5749421296296297 0.5026041666666666 0.5665509259259259 0.5006510416666666 0.5662615740740741 0.4945746527777778 0.5746527777777778 0.4837239583333333 0.5873842592592593 0.4830729166666667
0 0.5951967592592593 0.3851996527777778 0.5986689814814815 0.3875868055555556 0.5989583333333334 0.3940972222222222 0.5960648148148148 0.3986545138888889 0.5920138888888888 0.4001736111111111 0.5830439814814815 0.3973524305555556 0.5833333333333334 0.3871527777777778 0.5949074074074074 0.3851996527777778
0 0.5891203703703703 0.5852864583333334 0.5989583333333334 0.5852864583333334 0.6070601851851852 0.5885416666666666 0.6111111111111112 0.5998263888888888 0.6105324074074074 0.6128472222222222 0.6024305555555556 0.615234375 0.5925925925925926 0.6217447916666666 0.5645254629629629 0.6263020833333334 0.5598958333333334 0.6232638888888888 0.5570023148148148 0.6134982638888888 0.5564236111111112 0.6022135416666666 0.5596064814814815 0.5902777777777778 0.5639467592592593 0.5857204861111112 0.5888310185185185 0.5852864583333334
0 0.5752314814814815 0.3921440972222222 0.5784143518518519 0.3943142361111111 0.5787037037037037 0.4006076388888889 0.5708912037037037 0.4095052083333333 0.5578703703703703 0.4075520833333333 0.5564236111111112 0.3967013888888889 0.5572916666666666 0.3940972222222222 0.5625 0.3919270833333333 0.5749421296296297 0.3921440972222222
0 0.4759837962962963 0.4696180555555556 0.47800925925925924 0.470703125 0.47280092592592593 0.4769965277777778 0.47366898148148145 0.4806857638888889 0.46875 0.4830729166666667 0.4565972222222222 0.4826388888888889 0.4565972222222222 0.4709201388888889 0.4597800925925926 0.4694010416666667 0.4756944444444444 0.4696180555555556
0 0.49189814814814814 0.3869357638888889 0.49971064814814814 0.3899739583333333 0.5002893518518519 0.3940972222222222 0.4913194444444444 0.4006076388888889 0.4869791666666667 0.3927951388888889 0.4887152777777778 0.3880208333333333 0.4916087962962963 0.3869357638888889
0 0.3420138888888889 0.5846354166666666 0.3599537037037037 0.591796875 0.36226851851851855 0.5954861111111112 0.3611111111111111 0.619140625 0.359375 0.623046875 0.35619212962962965 0.6241319444444444 0.34346064814814814 0.6061197916666666 0.33969907407407407 0.5850694444444444 0.34172453703703703 0.5846354166666666
0 0.034722222222222224 0.5855034722222222 0.041087962962962965 0.5883246527777778 0.045717592592592594 0.5985243055555556 0.04398148148148148 0.6041666666666666 0.03761574074074074 0.6069878472222222 0.028356481481481483 0.6059027777777778 0.02459490740740741 0.5909288194444444 0.026041666666666668 0.5870225694444444 0.03443287037037037 0.5855034722222222
0 0.7557870370370371 0.5184461805555556 0.7641782407407407 0.5212673611111112 0.7659143518518519 0.5258246527777778 0.7615740740740741 0.5314670138888888 0.7526041666666666 0.53515625 0.7476851851851852 0.5349392361111112 0.7410300925925926 0.5303819444444444 0.7401620370370371 0.525390625 0.7445023148148148 0.5197482638888888 0.7554976851851852 0.5184461805555556
0 0.9123263888888888 0.6215277777777778 0.9157986111111112 0.6252170138888888 0.9270833333333334 0.6675347222222222 0.9253472222222222 0.6953125 0.9210069444444444 0.6963975694444444 0.9140625 0.6924913194444444 0.9152199074074074 0.6877170138888888 0.9123263888888888 0.6851128472222222 0.9042245370370371 0.6846788194444444 0.8972800925925926 0.6892361111111112 0.8975694444444444 0.6851128472222222 0.8828125 0.6848958333333334 0.8781828703703703 0.6859809027777778 0.8796296296296297 0.6966145833333334 0.8735532407407407 0.6987847222222222 0.8622685185185185 0.697265625 0.859375 0.69921875 0.8506944444444444 0.6892361111111112 0.8451967592592593 0.6651475694444444 0.8454861111111112 0.6369357638888888 0.8483796296296297 0.6258680555555556 0.8587962962962963 0.6234809027777778 0.9120370370370371 0.6215277777777778
0 0.4600694444444444 0.4129774305555556 0.4652777777777778 0.4184027777777778 0.4664351851851852 0.4253472222222222 0.453125 0.4279513888888889 0.44936342592592593 0.4255642361111111 0.4496527777777778 0.4223090277777778 0.45601851851851855 0.4138454861111111 0.4597800925925926 0.4129774305555556
0 0.6070601851851852 0.38671875 0.6171875 0.3904079861111111 0.6168981481481481 0.3938802083333333 0.6090856481481481 0.4025607638888889 0.6006944444444444 0.3999565972222222 0.5989583333333334 0.3969184027777778 0.6004050925925926 0.3884548611111111 0.6067708333333334 0.38671875
0 0.4852430555555556 0.5896267361111112 0.5034722222222222 0.5913628472222222 0.5092592592592593 0.5974392361111112 0.5107060185185185 0.6026475694444444 0.49421296296296297 0.6104600694444444 0.48755787037037035 0.6184895833333334 0.47077546296296297 0.6197916666666666 0.4661458333333333 0.6143663194444444 0.4681712962962963 0.5991753472222222 0.4739583333333333 0.5911458333333334 0.4849537037037037 0.5896267361111112
0 0.5092592592592593 0.4264322916666667 0.5141782407407407 0.4318576388888889 0.5147569444444444 0.4390190972222222 0.5121527777777778 0.44140625 0.5020254629629629 0.4422743055555556 0.49537037037037035 0.4388020833333333 0.4956597222222222 0.4318576388888889 0.5008680555555556 0.4264322916666667 0.5089699074074074 0.4264322916666667
0 0.7618634259259259 0.5540364583333334 0.7647569444444444 0.5646701388888888 0.7609953703703703 0.5779079861111112 0.7479745370370371 0.5850694444444444 0.7372685185185185 0.5835503472222222 0.7306134259259259 0.5872395833333334 0.7282986111111112 0.5794270833333334 0.7309027777777778 0.5703125 0.7473958333333334 0.5640190972222222 0.7514467592592593 0.5601128472222222 0.7583912037037037 0.5581597222222222 0.7615740740740741 0.5542534722222222
0 0.6131365740740741 0.6740451388888888 0.6449652777777778 0.6781684027777778 0.6550925925925926 0.6937934027777778 0.6579861111111112 0.7029079861111112 0.6617476851851852 0.716796875 0.6614583333333334 0.72265625 0.6582754629629629 0.7237413194444444 0.6510416666666666 0.7163628472222222 0.6475694444444444 0.7213541666666666 0.6429398148148148 0.7087673611111112 0.6333912037037037 0.6968315972222222 0.6137152777777778 0.6920572916666666 0.5862268518518519 0.6927083333333334 0.5951967592592593 0.677734375 0.6128472222222222 0.6740451388888888
0 0.5266203703703703 0.3967013888888889 0.5300925925925926 0.400390625 0.5295138888888888 0.412109375 0.5228587962962963 0.4203559027777778 0.5190972222222222 0.4186197916666667 0.5159143518518519 0.4123263888888889 0.5115740740740741 0.4105902777777778 0.5190972222222222 0.3977864583333333 0.5263310185185185 0.3967013888888889
0 0.4774305555555556 0.4989149305555556 0.4852430555555556 0.501953125 0.4855324074074074 0.5208333333333334 0.48148148148148145 0.5225694444444444 0.4664351851851852 0.5223524305555556 0.4618055555555556 0.51953125 0.4615162037037037 0.51171875 0.46730324074074076 0.5073784722222222 0.46903935185185186 0.5006510416666666 0.4771412037037037 0.4991319444444444
0 0.3072916666666667 0.5787760416666666 0.3107638888888889 0.5813802083333334 0.3081597222222222 0.5833333333333334 0.2795138888888889 0.5915798611111112 0.2662037037037037 0.5896267361111112 0.2621527777777778 0.5852864583333334 0.2662037037037037 0.5815972222222222 0.2824074074074074 0.5787760416666666 0.3070023148148148 0.5787760416666666
0 0.5167824074074074 0.623046875 0.5283564814814815 0.6236979166666666 0.5364583333333334 0.626953125 0.5381944444444444 0.6299913194444444 0.5089699074074074 0.6345486111111112 0.5043402777777778 0.6371527777777778 0.5052083333333334 0.6414930555555556 0.4895833333333333 0.6404079861111112 0.5026041666666666 0.6265190972222222 0.5164930555555556 0.623046875
0 0.43605324074074076 0.5930989583333334 0.4525462962962963 0.5954861111111112 0.45949074074074076 0.6022135416666666 0.46296296296296297 0.6193576388888888 0.4626736111111111 0.6306423611111112 0.4603587962962963 0.6334635416666666 0.44560185185185186 0.6315104166666666 0.4320023148148148 0.6158854166666666 0.4146412037037037 0.6141493055555556 0.4114583333333333 0.6117621527777778 0.41087962962962965 0.6080729166666666 0.4184027777777778 0.5993923611111112 0.42505787037037035 0.5946180555555556 0.4357638888888889 0.5930989583333334
0 0.43894675925925924 0.4759114583333333 0.4435763888888889 0.4776475694444444 0.4461805555555556 0.4841579861111111 0.4227430555555556 0.4839409722222222 0.4224537037037037 0.478515625 0.4386574074074074 0.4761284722222222
0 0.4817708333333333 0.6412760416666666 0.49855324074074076 0.6417100694444444 0.5083912037037037 0.6436631944444444 0.5118634259259259 0.6469184027777778 0.5162037037037037 0.6644965277777778 0.515625 0.6799045138888888 0.5127314814814815 0.6820746527777778 0.47251157407407407 0.6812065972222222 0.46556712962962965 0.6848958333333334 0.45949074074074076 0.6937934027777778 0.44675925925925924 0.6985677083333334 0.43952546296296297 0.6963975694444444 0.43431712962962965 0.689453125 0.43287037037037035 0.6755642361111112 0.4348958333333333 0.6629774305555556 0.4409722222222222 0.658203125 0.4435763888888889 0.6477864583333334 0.4496527777777778 0.642578125 0.48148148148148145 0.6412760416666666
0 0.5231481481481481 0.60546875 0.5306712962962963 0.6085069444444444 0.5344328703703703 0.6126302083333334 0.5384837962962963 0.6195746527777778 0.5370370370370371 0.62890625 0.5112847222222222 0.6263020833333334 0.49855324074074076 0.6330295138888888 0.4982638888888889 0.6371527777777778 0.4945023148148148 0.6397569444444444 0.48755787037037035 0.6397569444444444 0.48582175925925924 0.6371527777777778 0.4861111111111111 0.6265190972222222 0.4910300925925926 0.6139322916666666 0.4982638888888889 0.6080729166666666 0.5112847222222222 0.6052517361111112 0.5228587962962963 0.60546875
0 0.6061921296296297 0.3990885416666667 0.6102430555555556 0.4010416666666667 0.6096643518518519 0.4077690972222222 0.6056134259259259 0.4123263888888889 0.5989583333333334 0.4142795138888889 0.5949074074074074 0.4055989583333333 0.5989583333333334 0.3999565972222222 0.6059027777777778 0.3990885416666667
0 0.5286458333333334 0.6286892361111112 0.5393518518518519 0.630859375 0.5471643518518519 0.6423611111111112 0.5497685185185185 0.66015625 0.5474537037037037 0.6725260416666666 0.5190972222222222 0.6712239583333334 0.5109953703703703 0.6453993055555556 0.4976851851851852 0.6404079861111112 0.4988425925925926 0.6334635416666666 0.5031828703703703 0.6302083333333334 0.5283564814814815 0.6286892361111112
0 0.5471643518518519 0.4676649305555556 0.5503472222222222 0.46875 0.5520833333333334 0.47265625 0.5520833333333334 0.4800347222222222 0.5497685185185185 0.4815538194444444 0.5344328703703703 0.4806857638888889 0.5283564814814815 0.4763454861111111 0.53125 0.4683159722222222 0.546875 0.4676649305555556
0 0.23929398148148148 0.7864583333333334 0.29542824074074076 0.7888454861111112 0.30005787037037035 0.7897135416666666 0.30324074074074076 0.79296875 0.31278935185185186 0.8153211805555556 0.3211805555555556 0.8244357638888888 0.3229166666666667 0.8311631944444444 0.3226273148148148 0.8630642361111112 0.3211805555555556 0.8667534722222222 0.31539351851851855 0.8695746527777778 0.31452546296296297 0.8804253472222222 0.31105324074074076 0.8838975694444444 0.3058449074074074 0.8832465277777778 0.29832175925925924 0.8721788194444444 0.2650462962962963 0.87109375 0.2621527777777778 0.8695746527777778 0.2552083333333333 0.8524305555555556 0.2621527777777778 0.8498263888888888 0.26533564814814814 0.8452690972222222 0.26186342592592593 0.8409288194444444 0.25144675925925924 0.8409288194444444 0.23640046296296297 0.8198784722222222 0.22395833333333334 0.8159722222222222 0.20949074074074073 0.8161892361111112 0.1892361111111111 0.8127170138888888 0.18952546296296297 0.8098958333333334 0.20167824074074073 0.8055555555555556 0.21296296296296297 0.7888454861111112 0.22251157407407407 0.7864583333333334 0.23900462962962962 0.7864583333333334
0 0.5052083333333334 0.5132378472222222 0.5202546296296297 0.5143229166666666 0.5245949074074074 0.5221354166666666 0.5228587962962963 0.5379774305555556 0.5115740740740741 0.5386284722222222 0.5083912037037037 0.5436197916666666 0.5054976851851852 0.541015625 0.4939236111111111 0.5418836805555556 0.4904513888888889 0.5397135416666666 0.48929398148148145 0.5247395833333334 0.4921875 0.5169270833333334 0.49537037037037035 0.5134548611111112 0.5049189814814815 0.5132378472222222
0 0.6247106481481481 0.5536024305555556 0.6414930555555556 0.5559895833333334 0.6417824074074074 0.5750868055555556 0.6403356481481481 0.5779079861111112 0.6189236111111112 0.5785590277777778 0.6085069444444444 0.5779079861111112 0.6085069444444444 0.5655381944444444 0.6125578703703703 0.5570746527777778 0.6166087962962963 0.5544704861111112 0.6244212962962963 0.5536024305555556
0 0.5567129629629629 0.5494791666666666 0.5607638888888888 0.5538194444444444 0.5616319444444444 0.5618489583333334 0.5500578703703703 0.5653211805555556 0.5431134259259259 0.5735677083333334 0.5335648148148148 0.5746527777777778 0.5292245370370371 0.5746527777777778 0.5269097222222222 0.5677083333333334 0.5271990740740741 0.5603298611111112 0.5315393518518519 0.5516493055555556 0.5361689814814815 0.5483940972222222 0.5564236111111112 0.5494791666666666
0 0.49508101851851855 0.8394097222222222 0.5355902777777778 0.84375 0.5503472222222222 0.8611111111111112 0.5607638888888888 0.8591579861111112 0.5656828703703703 0.8624131944444444 0.5656828703703703 0.8663194444444444 0.5598958333333334 0.8697916666666666 0.5587384259259259 0.873046875 0.5616319444444444 0.8854166666666666 0.5598958333333334 0.9385850694444444 0.5572916666666666 0.9435763888888888 0.5512152777777778 0.9442274305555556 0.5465856481481481 0.9427083333333334 0.5451388888888888 0.9357638888888888 0.5399305555555556 0.9318576388888888 0.5211226851851852 0.9307725694444444 0.5086805555555556 0.9325086805555556 0.5052083333333334 0.9305555555555556 0.4837962962962963 0.9166666666666666 0.48148148148148145 0.9012586805555556 0.47077546296296297 0.8953993055555556 0.4632523148148148 0.8967013888888888 0.45891203703703703 0.9001736111111112 0.453125 0.9181857638888888 0.4351851851851852 0.9314236111111112 0.41811342592592593 0.9401041666666666 0.41030092592592593 0.9385850694444444 0.40769675925925924 0.9286024305555556 0.4088541666666667 0.90625 0.4140625 0.8825954861111112 0.41724537037037035 0.8743489583333334 0.42563657407407407 0.8661024305555556 0.43894675925925924 0.8448350694444444 0.45601851851851855 0.83984375 0.4947916666666667 0.8394097222222222
0 0.5653935185185185 0.5627170138888888 0.5951967592592593 0.5674913194444444 0.5978009259259259 0.5833333333333334 0.5954861111111112 0.5852864583333334 0.5917245370370371 0.583984375 0.5642361111111112 0.5859375 0.5575810185185185 0.5991753472222222 0.5541087962962963 0.6015625 0.5489004629629629 0.6000434027777778 0.5460069444444444 0.5952690972222222 0.5465856481481481 0.5711805555555556 0.5558449074074074 0.5642361111111112 0.5651041666666666 0.5627170138888888
0 0.7173032407407407 0.55859375 0.7306134259259259 0.5583767361111112 0.7424768518518519 0.5518663194444444 0.7612847222222222 0.5483940972222222 0.7633101851851852 0.5568576388888888 0.7618634259259259 0.5603298611111112 0.734375 0.5677083333333334 0.7274305555555556 0.5655381944444444 0.7239583333333334 0.5746527777777778 0.7199074074074074 0.5731336805555556 0.7135416666666666 0.576171875 0.7100694444444444 0.5726996527777778 0.7065972222222222 0.5748697916666666 0.7057291666666666 0.5707465277777778 0.7170138888888888 0.55859375
0 0.3894675925925926 0.5501302083333334 0.4019097222222222 0.552734375 0.4079861111111111 0.5635850694444444 0.4085648148148148 0.5696614583333334 0.40625 0.5748697916666666 0.38744212962962965 0.5848524305555556 0.3819444444444444 0.5826822916666666 0.36342592592592593 0.5818142361111112 0.3611111111111111 0.5603298611111112 0.36255787037037035 0.5570746527777778 0.37210648148148145 0.5516493055555556 0.38917824074074076 0.5501302083333334
0 0.4739583333333333 0.4053819444444444 0.47945601851851855 0.41015625 0.47974537037037035 0.4151475694444444 0.4774305555555556 0.4188368055555556 0.46846064814814814 0.4207899305555556 0.46238425925925924 0.4149305555555556 0.4618055555555556 0.4112413194444444 0.4670138888888889 0.40625 0.47366898148148145 0.4053819444444444
0 0.5188078703703703 0.4053819444444444 0.5231481481481481 0.4147135416666667 0.5190972222222222 0.4197048611111111 0.5052083333333334 0.4173177083333333 0.5017361111111112 0.4188368055555556 0.5005787037037037 0.4149305555555556 0.5031828703703703 0.4103732638888889 0.5185185185185185 0.4053819444444444
0 0.2664930555555556 0.7491319444444444 0.29311342592592593 0.7508680555555556 0.3041087962962963 0.7493489583333334 0.3098958333333333 0.7513020833333334 0.3237847222222222 0.7504340277777778 0.3255208333333333 0.7517361111111112 0.3414351851851852 0.7788628472222222 0.34056712962962965 0.7923177083333334 0.3454861111111111 0.8055555555555556 0.34519675925925924 0.8142361111111112 0.33883101851851855 0.8185763888888888 0.3382523148148148 0.8274739583333334 0.3350694444444444 0.83203125 0.32436342592592593 0.8298611111111112 0.31047453703703703 0.8079427083333334 0.3052662037037037 0.7951388888888888 0.2994791666666667 0.7886284722222222 0.25 0.7853732638888888 0.23466435185185186 0.7864583333333334 0.22453703703703703 0.7840711805555556 0.2259837962962963 0.7760416666666666 0.22974537037037038 0.7719184027777778 0.22366898148148148 0.7688802083333334 0.22337962962962962 0.7643229166666666 0.23408564814814814 0.7630208333333334 0.2488425925925926 0.7504340277777778 0.2662037037037037 0.7491319444444444
0 0.7595486111111112 0.5768229166666666 0.7633101851851852 0.5811631944444444 0.7633101851851852 0.5926649305555556 0.7520254629629629 0.6059027777777778 0.7404513888888888 0.6100260416666666 0.7207754629629629 0.6050347222222222 0.7170138888888888 0.5989583333333334 0.7175925925925926 0.5952690972222222 0.7236689814814815 0.5896267361111112 0.7479745370370371 0.5844184027777778 0.7592592592592593 0.5768229166666666
0 0.6675347222222222 0.5733506944444444 0.6901041666666666 0.5755208333333334 0.6973379629629629 0.5852864583333334 0.6993634259259259 0.5991753472222222 0.6964699074074074 0.603515625 0.6744791666666666 0.6028645833333334 0.6646412037037037 0.6048177083333334 0.6556712962962963 0.6024305555555556 0.6530671296296297 0.58984375 0.6576967592592593 0.5779079861111112 0.6614583333333334 0.5744357638888888 0.6672453703703703 0.5733506944444444
0 0.3480902777777778 0.7120225694444444 0.37008101851851855 0.7150607638888888 0.3802083333333333 0.724609375 0.38686342592592593 0.724609375 0.38917824074074076 0.7269965277777778 0.3862847222222222 0.7337239583333334 0.38686342592592593 0.7586805555555556 0.3802083333333333 0.7686631944444444 0.3773148148148148 0.7690972222222222 0.3671875 0.7638888888888888 0.36255787037037035 0.7658420138888888 0.3559027777777778 0.7545572916666666 0.3394097222222222 0.7354600694444444 0.30497685185185186 0.7332899305555556 0.30613425925925924 0.7202690972222222 0.3130787037037037 0.7159288194444444 0.328125 0.7120225694444444 0.34780092592592593 0.7120225694444444
0 0.4635416666666667 0.423828125 0.4704861111111111 0.4320746527777778 0.4704861111111111 0.4381510416666667 0.4609375 0.44140625 0.4458912037037037 0.4385850694444444 0.44502314814814814 0.435546875 0.44936342592592593 0.4262152777777778 0.4597800925925926 0.4262152777777778 0.4632523148148148 0.4240451388888889