0 0.5325 0.7368658399098084 0.564 0.7393461104847802 0.5915 0.7463359639233371 0.5945 0.7481397970687711 0.5925 0.7501691093573845 0.578 0.7537767756482525 0.553 0.7533258173618941 0.5365 0.7555806087936866 0.4985 0.7537767756482525 0.496 0.7483652762119504 0.508 0.7388951521984216 0.519 0.7366403607666291 0.532 0.7370913190529876
0 0.4835 0.6209695603156709 0.4945 0.6225479143179256 0.495 0.6261555806087937 0.4805 0.62728297632469 0.475 0.6335963923337091 0.47 0.6349492671927847 0.4655 0.6333709131905298 0.466 0.6245772266065389 0.4725 0.62119503945885 0.483 0.6209695603156709
0 0.8765 0.8755355129650507 0.8945 0.8777903043968432 0.9145 0.8762119503945885 0.9595 0.8784667418263811 0.994 0.8822998872604284 0.9995 0.8850056369785795 0.997 0.8940248027057497 0.9995 0.9573844419391206 0.945 0.9571589627959414 0.925 0.9614430665163473 0.905 0.9630214205186021 0.874 0.9607666290868094 0.8565 0.9625704622322435 0.8425 0.9673055242390078 0.825 0.9668545659526494 0.819 0.949718151071026 0.8135 0.9452085682074408 0.801 0.9429537767756483 0.799 0.9402480270574972 0.8 0.910935738444194 0.809 0.9005636978579481 0.7995 0.8980834272829763 0.7935 0.8937993235625704 0.8015 0.8915445321307779 0.82 0.8919954904171364 0.8385 0.8782412626832018 0.876 0.87576099210823
0 0.6055 0.683652762119504 0.635 0.6874859075535513 0.65 0.6926719278466742 0.6505 0.6962795941375423 0.6645 0.6992108229988726 0.6645 0.7034949267192785 0.661 0.7050732807215333 0.646 0.7030439684329199 0.616 0.7041713641488162 0.6125 0.7019165727170237 0.6095 0.7025930101465614 0.5915 0.7131905298759865 0.588 0.7199549041713641 0.585 0.7192784667418264 0.577 0.7140924464487035 0.5785 0.7032694475760992 0.595 0.6870349492671928 0.6055 0.6838782412626832
0 0.477 0.6750845546786922 0.4895 0.6822998872604285 0.4895 0.6856820744081172 0.4525 0.6910935738444194 0.439 0.7043968432919955 0.4305 0.7025930101465614 0.431 0.6841037204058624 0.4495 0.676662908680947 0.4765 0.6750845546786922
0 0.5675 0.6804960541149944 0.5745 0.6782412626832018 0.5855 0.6827508455467869 0.595 0.6804960541149944 0.597 0.6822998872604285 0.5805 0.6992108229988726 0.5745 0.7102593010146562 0.564 0.7104847801578354 0.554 0.7093573844419391 0.55 0.7068771138669673 0.5475 0.6940248027057497 0.55 0.6899661781285231 0.5675 0.6807215332581736
0 0.364 0.6480270574971815 0.39 0.6487034949267193 0.3965 0.6509582863585118 0.3995 0.655467869222097 0.4075 0.6577226606538895 0.405 0.6723788049605411 0.4005 0.6748590755355129 0.388 0.6762119503945885 0.341 0.6759864712514092 0.334 0.673055242390079 0.3335 0.6565952649379933 0.351 0.6491544532130777 0.3635 0.6480270574971815
0 0.485 0.685456595264938 0.4975 0.6874859075535513 0.522 0.6987598647125141 0.529 0.7077790304396844 0.526 0.7089064261555806 0.5185 0.704847801578354 0.5035 0.7030439684329199 0.472 0.702142051860203 0.4645 0.704847801578354 0.446 0.7197294250281849 0.4405 0.7140924464487035 0.4425 0.6983089064261556 0.456 0.6899661781285231 0.4845 0.685456595264938
0 0.4665 0.6108229988726043 0.474 0.6128523111612176 0.4725 0.620293122886133 0.453 0.6214205186020293 0.4485 0.6184892897406989 0.4505 0.6124013528748591 0.456 0.610597519729425 0.466 0.6108229988726043
0 0.46 0.6606538895152199 0.47 0.6626832018038331 0.4765 0.6608793686583991 0.4875 0.6613303269447576 0.495 0.6665163472378804 0.4985 0.6827508455467869 0.498 0.684554678692221 0.4925 0.685456595264938 0.485 0.6841037204058624 0.4735 0.676662908680947 0.453 0.677564825253664 0.446 0.6800450958286358 0.4425 0.6793686583990981 0.4355 0.6832018038331454 0.432 0.6820744081172492 0.434 0.6667418263810597 0.446 0.659977452085682 0.4595 0.6606538895152199
0 0.163 0.7431792559188275 0.1735 0.7465614430665164 0.191 0.7481397970687711 0.2125 0.7618940248027057 0.211 0.7824126268320181 0.203 0.791206313416009 0.137 0.7882750845546787 0.11 0.7905298759864713 0.098 0.789402480270575 0.0985 0.7664036076662909 0.113 0.7537767756482525 0.1405 0.744532130777903 0.1625 0.7431792559188275
0 0.3475 0.608793686583991 0.352 0.6142051860202932 0.3485 0.6220969560315671 0.3245 0.6216459977452086 0.322 0.6196166854565953 0.323 0.6139797068771139 0.3295 0.6090191657271702 0.347 0.608793686583991
0 0.544 0.7158962795941376 0.5645 0.7271702367531003 0.5595 0.7388951521984216 0.547 0.7391206313416009 0.533 0.7355129650507328 0.5185 0.7368658399098084 0.5065 0.7413754227733934 0.4925 0.7512965050732807 0.4815 0.7526493799323563 0.4755 0.7485907553551296 0.4755 0.7377677564825253 0.4925 0.7204058624577226 0.513 0.7170236753100339 0.5325 0.7186020293122886 0.5435 0.7158962795941376
0 0.4465 0.6333709131905298 0.4625 0.6403607666290868 0.463 0.6473506200676438 0.4285 0.6547914317925592 0.4215 0.6507328072153326 0.4205 0.637880496054115 0.4255 0.6351747463359639 0.446 0.6333709131905298
0 0.325 0.7440811724915445 0.373 0.74543404735062 0.381 0.750620067643743 0.386 0.7591882750845547 0.399 0.7607666290868095 0.3995 0.7623449830890643 0.391 0.7655016910935738 0.391 0.7916572717023675 0.39 0.7941375422773393 0.384 0.7959413754227734 0.3695 0.791206313416009 0.328 0.790304396843292 0.3035 0.790304396843292 0.2965 0.7943630214205186 0.2855 0.7950394588500563 0.286 0.7655016910935738 0.279 0.762119503945885 0.279 0.758511837655017 0.2895 0.7589627959413754 0.302 0.7476888387824127 0.3245 0.7440811724915445
0 0.294 0.6358511837655016 0.3045 0.6401352874859075 0.312 0.6509582863585118 0.313 0.6620067643742954 0.309 0.6653889515219842 0.2875 0.6638105975197294 0.2685 0.6651634723788049 0.2585 0.6622322435174747 0.2575 0.6529875986471252 0.2715 0.6401352874859075 0.279 0.6363021420518602 0.2935 0.6358511837655016
0 0.453 0.6471251409244645 0.4705 0.647576099210823 0.4815 0.6507328072153326 0.4885 0.6543404735062007 0.489 0.6617812852311161 0.4695 0.6608793686583991 0.4595 0.6624577226606538 0.4505 0.6602029312288613 0.4355 0.6644870349492672 0.4285 0.6570462232243518 0.4355 0.6577226606538895 0.4435 0.6507328072153326 0.4525 0.6473506200676438
0 0.6725 0.7177001127395716 0.6855 0.7208568207440812 0.6975 0.7280721533258173 0.71 0.7307779030439684 0.7155 0.7350620067643743 0.727 0.7377677564825253 0.727 0.7440811724915445 0.7205 0.7472378804960541 0.706 0.7456595264937993 0.696 0.7470124013528748 0.6925 0.74543404735062 0.668 0.7465614430665164 0.654 0.755129650507328 0.643 0.7580608793686584 0.637 0.7634723788049605 0.627 0.7625704622322436 0.6185 0.755129650507328 0.622 0.7337091319052987 0.634 0.7321307779030439 0.6475 0.7188275084554678 0.6555 0.7167981961668546 0.6615 0.7188275084554678 0.667 0.7161217587373168 0.672 0.7177001127395716
0 0.6525 0.7046223224351748 0.6655 0.7075535512965051 0.6695 0.7158962795941376 0.6465 0.7190529875986471 0.636 0.7312288613303269 0.6225 0.7341600901916573 0.6195 0.7434047350620068 0.6125 0.742728297632469 0.6055 0.7388951521984216 0.608 0.7204058624577226 0.63 0.704847801578354 0.652 0.7046223224351748
0 0.3355 0.7014656144306651 0.3585 0.7037204058624578 0.3695 0.7104847801578354 0.3765 0.7113866967305524 0.3735 0.7167981961668546 0.3745 0.7312288613303269 0.37 0.7337091319052987 0.334 0.7305524239007892 0.3045 0.7325817361894025 0.296 0.7325817361894025 0.2915 0.7307779030439684 0.2895 0.7098083427282976 0.296 0.7089064261555806 0.307 0.7028184892897407 0.335 0.7014656144306651
0 0.2205 0.7032694475760992 0.2425 0.7095828635851184 0.2585 0.7190529875986471 0.2565 0.7350620067643743 0.248 0.7416009019165727 0.21 0.7395715896279594 0.1995 0.7413754227733934 0.195 0.7400225479143179 0.1715 0.7413754227733934 0.1655 0.7384441939120632 0.1675 0.7204058624577226 0.176 0.7177001127395716 0.1875 0.7095828635851184 0.199 0.7077790304396844 0.208 0.7039458850056369 0.22 0.7032694475760992
0 0.9775 0.9573844419391206 0.9995 0.9582863585118376 0.9995 0.9975197294250282 0.9815 0.9979706877113868 0.981 0.9997745208568207 0.9325 0.9997745208568207 0.932 0.9979706877113868 0.931 0.9997745208568207 0.8885 0.9997745208568207 0.888 0.9961668545659527 0.8895 0.983314543404735 0.8975 0.9738444193912064 0.8935 0.9704622322435175 0.887 0.9740698985343855 0.8885 0.9704622322435175 0.918 0.9688838782412627 0.9425 0.9585118376550169 0.977 0.9573844419391206
0 0.4435 0.6207440811724916 0.456 0.6266065388951522 0.4535 0.6349492671927847 0.435 0.6338218714768884 0.421 0.6365276211950395 0.418 0.6363021420518602 0.416 0.6311161217587373 0.419 0.6239007891770011 0.4315 0.6209695603156709 0.443 0.6207440811724916
0 0.7065 0.7463359639233371 0.71 0.7483652762119504 0.728 0.7474633596392334 0.7445 0.755129650507328 0.757 0.7652762119503946 0.7605 0.7830890642615558 0.755 0.7952649379932356 0.745 0.7943630214205186 0.735 0.790304396843292 0.709 0.7875986471251409 0.682 0.7875986471251409 0.654 0.7918827508455468 0.6475 0.7900789177001127 0.6445 0.7839909808342729 0.637 0.7821871476888388 0.6395 0.7627959413754227 0.655 0.7555806087936866 0.6605 0.7503945885005637 0.674 0.7472378804960541 0.706 0.7463359639233371
0 0.5855 0.7542277339346111 0.6195 0.7686583990980834 0.611 0.7745208568207441 0.6205 0.7860202931228861 0.6165 0.7966178128523111 0.602 0.7988726042841037 0.5445 0.797294250281849 0.5235 0.7993235625704622 0.485 0.8198421645997745 0.4775 0.8196166854565953 0.474 0.8173618940248027 0.4705 0.8051860202931229 0.4755 0.7742953776775648 0.473 0.7722660653889515 0.459 0.7702367531003382 0.4595 0.7668545659526493 0.471 0.7652762119503946 0.4805 0.7675310033821872 0.494 0.7569334836527621 0.519 0.7549041713641488 0.5365 0.7562570462232243 0.5425 0.7549041713641488 0.5505 0.756031567080045 0.585 0.7542277339346111
0 0.5575 0.7988726042841037 0.592 0.7997745208568208 0.5985 0.8015783540022547 0.6195 0.7993235625704622 0.637 0.8094701240135288 0.6525 0.8105975197294251 0.651 0.8130777903043969 0.641 0.8164599774520857 0.6515 0.8304396843291996 0.65 0.8523111612175873 0.645 0.8565952649379932 0.6085 0.8500563697857948 0.5695 0.8496054114994362 0.519 0.8514092446448703 0.505 0.8559188275084555 0.4975 0.8401352874859076 0.498 0.8155580608793687 0.526 0.8002254791431792 0.557 0.7988726042841037
0 0.505 0.7012401352874859 0.5115 0.7039458850056369 0.5155 0.7032694475760992 0.5295 0.7064261555806088 0.5385 0.7170236753100339 0.5275 0.7188275084554678 0.5135 0.716347237880496 0.498 0.7177001127395716 0.4735 0.7359639233370913 0.4575 0.7379932356257046 0.452 0.7370913190529876 0.449 0.7341600901916573 0.449 0.7183765501691094 0.461 0.7100338218714769 0.4625 0.705749718151071 0.473 0.7014656144306651 0.4975 0.7025930101465614 0.5045 0.7014656144306651
0 0.5685 0.6651634723788049 0.5915 0.667869222096956 0.5935 0.6773393461104847 0.5995 0.6786922209695603 0.5995 0.6820744081172492 0.593 0.6777903043968433 0.588 0.6800450958286358 0.5735 0.6773393461104847 0.552 0.688162344983089 0.5465 0.694250281848929 0.539 0.6924464487034949 0.539 0.6750845546786922 0.5475 0.6687711386696731 0.568 0.6651634723788049
0 0.594 0.8883878241262683 0.661 0.8890642615558061 0.672 0.893348365276212 0.682 0.9023675310033822 0.696 0.9023675310033822 0.701 0.9041713641488163 0.699 0.9066516347237881 0.689 0.9093573844419391 0.702 0.9280721533258174 0.705 0.9388951521984217 0.705 0.963923337091319 0.703 0.9677564825253664 0.694 0.9693348365276212 0.6755 0.9679819616685457 0.6685 0.9650507328072153 0.641 0.961217587373168 0.63 0.9627959413754228 0.6195 0.9594137542277339 0.601 0.9607666290868094 0.581 0.9591882750845547 0.5715 0.9618940248027058 0.552 0.9625704622322435 0.536 0.9673055242390078 0.5225 0.9682074408117249 0.516 0.9666290868094701 0.5135 0.9494926719278467 0.5065 0.9429537767756483 0.5055 0.9364148816234499 0.511 0.9077790304396843 0.498 0.9043968432919955 0.5 0.9010146561443066 0.505 0.8996617812852311 0.522 0.9005636978579481 0.5315 0.8928974069898534 0.543 0.8892897406989854 0.5935 0.8883878241262683
0 0.4885 0.62728297632469 0.5015 0.6279594137542277 0.5085 0.6322435174746336 0.506 0.6444193912063134 0.477 0.6430665163472379 0.477 0.6313416009019166 0.481 0.6277339346110484 0.488 0.62728297632469
0 0.629 0.7007891770011274 0.635 0.7030439684329199 0.646 0.7030439684329199 0.6465 0.7064261555806088 0.637 0.706651634723788 0.633 0.7039458850056369 0.6105 0.7206313416009019 0.6025 0.7316798196166855 0.5955 0.7312288613303269 0.589 0.7271702367531003 0.589 0.7134160090191657 0.6125 0.6998872604284103 0.619 0.702142051860203 0.6285 0.7007891770011274