0 0.4671875 0.32708333333333334 0.040625 0.0625
2 0.5194375 0.3333125 0.054890625000000005 0.0791875
2 0.603125 0.36695833333333333 0.05625 0.09108333333333334
0 0.54609375 0.37395833333333334 0.0640625 0.10625
1 0.3640625 0.396875 0.03871875 0.044812500000000005
1 0.62109375 0.40520833333333334 0.0328125 0.04375
2 0.689625 0.4098125 0.0953125 0.1125
1 0.5671875 0.43333333333333335 0.046875 0.05416666666666667
1 0.30703125 0.43854166666666666 0.0484375 0.05625
1 0.503234375 0.461875 0.050640624999999995 0.07135416666666666
2 0.1578125 0.46041666666666664 0.10625 0.14583333333333334
1 0.58928125 0.48035416666666664 0.053125 0.075
1 0.516515625 0.5072916666666667 0.059375 0.08125
0 0.729015625 0.6049166666666667 0.225 0.33541666666666664
1 0.57109375 0.6635416666666667 0.1015625 0.15625
1 0.9359375 0.728125 0.128125 0.17291666666666666
1 0.63203125 0.9083333333333333 0.1578125 0.18333333333333332