1 0.5186041666666666 0.8011203703703704 0.046135416666666665 0.07200000000000001
1 0.5941510416666667 0.7569814814814815 0.046489583333333334 0.06136111111111111
1 0.55928125 0.6790277777777778 0.032401041666666665 0.044453703703703704
1 0.5003645833333333 0.6507592592592593 0.02664583333333333 0.03849074074074074
1 0.5316510416666667 0.6160740740740741 0.020697916666666667 0.029185185185185186
1 0.461453125 0.6110833333333333 0.01884375 0.02942592592592593
1 0.4764322916666667 0.5776666666666667 0.016802083333333332 0.026222222222222223
1 0.49880208333333337 0.5439074074074074 0.010411458333333333 0.012601851851851852
1 0.09017708333333332 0.7779259259259259 0.07519791666666667 0.06792592592592593
1 0.26242708333333337 0.6705925925925926 0.04371354166666667 0.05216666666666667
1 0.3133229166666667 0.6023981481481482 0.018338541666666666 0.024453703703703703
1 0.37931770833333334 0.5665 0.016052083333333335 0.021824074074074076