1 0.9001354166666666 0.9365833333333333 0.11134375 0.09597222222222222
1 0.6625104166666667 0.7729166666666667 0.042895833333333334 0.05484259259259259
1 0.6547968750000001 0.7305 0.03615104166666667 0.04027777777777778
1 0.2995104166666666 0.9496944444444445 0.06054166666666667 0.10060185185185186
1 0.32314062499999996 0.738574074074074 0.03284375 0.04473148148148148
1 0.37055208333333334 0.7275092592592592 0.030192708333333332 0.04802777777777777
1 0.368828125 0.6724166666666667 0.02304166666666667 0.031074074074074077
1 0.3536770833333333 0.6392037037037037 0.016859375 0.01952777777777778
1 0.22615104166666666 0.6933611111111111 0.025255208333333334 0.029925925925925925
1 0.25828124999999996 0.6275185185185186 0.017114583333333332 0.023944444444444445
2 0.3412604166666667 0.5992129629629629 0.01865625 0.032074074074074074
1 0.35954687500000004 0.5907129629629629 0.011583333333333333 0.014583333333333334
1 0.509046875 0.6199722222222223 0.014453125 0.01712962962962963