1 0.8996997389033942 0.40670955882352944 0.097911227154047 0.16391544117647058
1 0.8512793733681463 0.24279411764705885 0.08159268929503917 0.13020220588235293
1 0.5004308093994778 0.2734375 0.07398172323759791 0.08731617647058823
1 0.8544386422976501 0.06961397058823529 0.032571801566579635 0.036470588235294116
1 0.5821148825065274 0.04972426470588236 0.027075718015665794 0.030937499999999996
1 0.612532637075718 0.030386029411764708 0.024334203655352483 0.026525735294117645
2 0.48715404699738907 0.0803860294117647 0.06945169712793733 0.1298345588235294
2 0.3310574412532637 0.19974264705882352 0.11693211488250652 0.2159375
2 0.13190600522193213 0.35305147058823527 0.21973890339425586 0.35110294117647056
2 0.950065274151436 0.1444301470588235 0.09117493472584857 0.16922794117647058
2 0.9119973890339426 0.09847426470588236 0.07925587467362924 0.14005514705882352