2 0.05440886699507389 0.6936734693877551 0.09786945812807882 0.13816326530612244
2 0.4161206896551724 0.5994023323615161 0.10759852216748769 0.15830903790087464
1 0.12461822660098522 0.7656268221574345 0.0802463054187192 0.09498542274052478
1 0.21155172413793102 0.7775072886297376 0.07902709359605911 0.08994169096209913
1 0.21125615763546798 0.5544314868804664 0.07720443349753695 0.0856268221574344
1 0.3611083743842365 0.4691690962099126 0.06687192118226601 0.07339650145772594
1 0.5690147783251231 0.4760058309037901 0.06809113300492611 0.08275510204081633
1 0.4915024630541872 0.40332361516034987 0.06261083743842365 0.059723032069970844
1 0.4629310344827586 0.26263848396501455 0.05653940886699507 0.06188046647230321
1 0.6367980295566503 0.15039358600583091 0.05289408866995074 0.05180758017492711
1 0.73435960591133 0.3302915451895044 0.06322660098522168 0.07771137026239068
1 0.8554310344827586 0.06180758017492711 0.04204433497536946 0.04527696793002915
1 0.7940886699507389 0.03263848396501458 0.04549261083743842 0.044052478134110784