1 0.883797619047619 0.9034160583941606 0.07403571428571429 0.07376642335766423
1 0.8514047619047619 0.7797956204379561 0.06742857142857143 0.07132846715328467
1 0.8933809523809525 0.5585109489051094 0.07734523809523809 0.10213138686131386
1 0.7456428571428572 0.515956204379562 0.06346428571428572 0.06728467153284672
1 0.8418214285714286 0.4308321167883212 0.060154761904761905 0.060788321167883214
1 0.688797619047619 0.3453138686131387 0.06875 0.07294890510948905
1 0.7618333333333334 0.2978978102189781 0.07336904761904763 0.06242335766423358
1 0.7710952380952382 0.10537226277372264 0.06279761904761905 0.05512408759124087
1 0.7082976190476191 0.20954744525547445 0.07734523809523809 0.06242335766423358
1 0.5479880952380952 0.1908905109489051 0.08196428571428571 0.0689051094890511
1 0.5694761904761905 0.1386131386861314 0.07336904761904763 0.05674452554744525
1 0.34604761904761905 0.053912408759124085 0.08395238095238095 0.05916788321167883
1 0.12294047619047618 0.721970802919708 0.08757142857142858 0.09706569343065692
1 0.14248809523809525 0.5942627737226277 0.07223809523809524 0.07947445255474453
1 0.14817857142857144 0.46351824817518245 0.06283333333333334 0.07643795620437956
1 0.09721428571428571 0.18899270072992702 0.06382142857142857 0.07097810218978101