3 0.85859375 0.86796875 0.159375 0.21640625
3 0.359375 0.81015625 0.11953125 0.16796875
3 0.57421875 0.67734375 0.115625 0.14609375
3 0.7 0.528125 0.109375 0.1609375
3 0.1109375 0.871875 0.1265625 0.18515625
3 0.2015625 0.57578125 0.10390625 0.140625
3 0.38828125 0.503125 0.09609375 0.1421875
3 0.49765625 0.44296875 0.0765625 0.09921875
3 0.65390625 0.4125 0.08046875 0.1078125
3 0.25625 0.43203125 0.078125 0.12890625
3 0.3015625 0.29609375 0.046875 0.0703125
3 0.17265625 0.165625 0.0359375 0.04453125
3 0.39609375 0.2796875 0.05703125 0.075
3 0.5 0.31640625 0.06328125 0.090625
3 0.59296875 0.278125 0.0515625 0.07734375
3 0.49140625 0.2078125 0.040625 0.05859375
3 0.53984375 0.16875 0.0390625 0.04765625
3 0.97734375 0.28125 0.04453125 0.07734375
3 0.97734375 0.225 0.04453125 0.0546875
3 0.909375 0.171875 0.04375 0.05625
3 0.778125 0.1453125 0.0390625 0.0546875
3 0.83671875 0.10546875 0.034375 0.04140625
3 0.734375 0.11953125 0.03046875 0.0375
3 0.79375 0.1109375 0.0359375 0.05
3 0.7625 0.05859375 0.03046875 0.03984375
3 0.7015625 0.0890625 0.03125 0.03984375
3 0.36953125 0.09765625 0.0265625 0.034375
3 0.41953125 0.075 0.02578125 0.0390625
3 0.4625 0.059375 0.02734375 0.0359375
3 0.5109375 0.0578125 0.02578125 0.0328125
4 0.40625 0.1640625 0.06328125 0.13671875
3 0.49609375 0.0203125 0.02109375 0.028125
3 0.4640625 0.03203125 0.02265625 0.0296875
3 0.42421875 0.02109375 0.0203125 0.025
3 0.68828125 0.03515625 0.0203125 0.025
3 0.6875 0.07578125 0.02578125 0.02734375
3 0.73359375 0.0390625 0.021875 0.0234375
3 0.66875 0.0109375 0.0203125 0.02109375
3 0.628125 0.0109375 0.01953125 0.02109375