3 0.1265625 0.93359375 0.14921875 0.1328125
3 0.63046875 0.7359375 0.06875 0.1328125
3 0.67265625 0.5109375 0.0390625 0.05859375
3 0.18125 0.6421875 0.08125 0.11640625
3 0.40859375 0.625 0.05 0.0796875
3 0.3359375 0.57265625 0.0453125 0.065625
3 0.3125 0.5140625 0.06484375 0.08671875
3 0.3875 0.49921875 0.0296875 0.03984375
3 0.4390625 0.4890625 0.03125 0.05546875
3 0.4078125 0.4609375 0.0234375 0.03203125
3 0.4609375 0.43203125 0.0171875 0.028125
3 0.6046875 0.453125 0.025 0.0375
3 0.59609375 0.421875 0.0203125 0.0265625
3 0.540625 0.43984375 0.021875 0.03046875
3 0.575 0.3984375 0.015625 0.021875
3 0.53125 0.39921875 0.0140625 0.02109375
3 0.43828125 0.4078125 0.0140625 0.021875
3 0.41171875 0.40625 0.01796875 0.0234375