3 0.7 0.83984375 0.265625 0.31953125
3 0.5359375 0.48984375 0.165625 0.20078125
3 0.23125 0.57890625 0.22421875 0.23984375
3 0.38125 0.38046875 0.13125 0.1234375
3 0.778125 0.4125 0.1484375 0.16875
3 0.5984375 0.26328125 0.103125 0.121875
3 0.62890625 0.171875 0.10234375 0.11328125
3 0.7828125 0.21875 0.1125 0.10625
3 0.77421875 0.3109375 0.140625 0.1046875
3 0.6515625 0.08828125 0.0890625 0.1
3 0.76875 0.08515625 0.0875 0.09453125
3 0.5453125 0.05390625 0.06875 0.078125
2 0.43828125 0.2 0.17890625 0.234375