4 0.51328125 0.528125 0.2125 0.5140625
3 0.1125 0.42734375 0.171875 0.1921875
3 0.68828125 0.2265625 0.08203125 0.11328125
3 0.575 0.1125 0.0609375 0.07265625
3 0.37578125 0.08046875 0.07109375 0.10703125
3 0.57734375 0.02109375 0.0421875 0.0421875
3 0.06953125 0.134375 0.08828125 0.07421875
3 0.20390625 0.04921875 0.05859375 0.04765625
3 0.15546875 0.040625 0.05703125 0.04296875
3 0.0953125 0.0453125 0.05859375 0.03984375
3 0.03984375 0.0390625 0.05390625 0.03984375
3 0.26015625 0.01875 0.0546875 0.0375