3 0.8015625 0.9234375 0.184375 0.153125
3 0.47421875 0.9375 0.20859375 0.12421875
3 0.7375 0.72421875 0.153125 0.1984375
3 0.9171875 0.4609375 0.13359375 0.19453125
3 0.4671875 0.73359375 0.17421875 0.25546875
3 0.5015625 0.57734375 0.16640625 0.2484375
3 0.72109375 0.528125 0.12109375 0.1609375
3 0.1515625 0.8265625 0.240625 0.346875
3 0.2546875 0.596875 0.14453125 0.24296875
3 0.05234375 0.53046875 0.1046875 0.16953125
3 0.08671875 0.4 0.1109375 0.171875
3 0.15234375 0.33984375 0.08984375 0.1484375
3 0.2890625 0.41015625 0.1109375 0.1375
3 0.50078125 0.384375 0.115625 0.1625
3 0.6875 0.4171875 0.1078125 0.1421875
3 0.7984375 0.34609375 0.10390625 0.13515625
3 0.6828125 0.275 0.09296875 0.146875
3 0.3484375 0.325 0.08984375 0.12421875
3 0.51484375 0.225 0.0828125 0.12890625
3 0.371875 0.2375 0.078125 0.09921875
3 0.6671875 0.1484375 0.07890625 0.115625
3 0.65546875 0.0875 0.0671875 0.10234375
3 0.628125 0.046875 0.05078125 0.071875
3 0.5359375 0.1234375 0.06484375 0.08828125
3 0.5515625 0.07265625 0.065625 0.0890625
3 0.421875 0.125 0.07578125 0.1140625
3 0.1671875 0.15703125 0.0703125 0.1078125
3 0.29453125 0.1640625 0.06796875 0.096875
3 0.2828125 0.13046875 0.06640625 0.09375
3 0.2578125 0.075 0.05078125 0.07265625
3 0.31015625 0.05546875 0.0484375 0.0703125
3 0.36953125 0.04609375 0.04921875 0.0671875
3 0.2359375 0.0390625 0.0578125 0.0765625
3 0.4625 0.03203125 0.04921875 0.06328125
3 0.02265625 0.075 0.04453125 0.0953125