3 0.825 0.8890625 0.2578125 0.2140625
3 0.48359375 0.79609375 0.24765625 0.259375
3 0.21171875 0.709375 0.23046875 0.2265625
3 0.71953125 0.61171875 0.190625 0.19296875
3 0.80390625 0.41875 0.15625 0.1546875
3 0.584375 0.29921875 0.13359375 0.12734375
3 0.46640625 0.3484375 0.07265625 0.13671875
3 0.70703125 0.20625 0.12578125 0.11875
3 0.51328125 0.209375 0.13203125 0.1078125
3 0.35703125 0.14921875 0.103125 0.08828125
3 0.4640625 0.05859375 0.09765625 0.0875
3 0.5703125 0.046875 0.0890625 0.08203125
3 0.33828125 0.0328125 0.08828125 0.06484375
2 0.29921875 0.4109375 0.27890625 0.4015625