3 0.159375 0.74140625 0.24609375 0.23515625
3 0.12890625 0.525 0.20078125 0.19140625
3 0.146875 0.38359375 0.209375 0.228125
3 0.13671875 0.2296875 0.1875 0.15859375
3 0.1375 0.1234375 0.159375 0.1203125
3 0.1671875 0.0703125 0.13125 0.140625
3 0.6734375 0.91171875 0.30625 0.1765625
3 0.65703125 0.82890625 0.2625 0.228125
3 0.59921875 0.6703125 0.2375 0.26015625
3 0.86640625 0.61875 0.24375 0.26953125
3 0.71953125 0.3640625 0.209375 0.1984375
3 0.51015625 0.534375 0.2109375 0.1984375
3 0.47734375 0.42421875 0.20078125 0.18125
3 0.44921875 0.29453125 0.17421875 0.16796875
3 0.4109375 0.2234375 0.16171875 0.1796875
3 0.65859375 0.12890625 0.1328125 0.1546875
3 0.37578125 0.03828125 0.11953125 0.0765625