3 0.090625 0.5390625 0.1234375 0.1125
3 0.1609375 0.475 0.10546875 0.096875
3 0.1234375 0.3890625 0.10859375 0.0875
2 0.41328125 0.2875 0.1375 0.10703125
2 0.2296875 0.275 0.11640625 0.08046875
2 0.5390625 0.22265625 0.09609375 0.065625
2 0.76796875 0.3609375 0.125 0.1578125
3 0.6125 0.93359375 0.2765625 0.13203125
3 0.0828125 0.87734375 0.16484375 0.23359375
3 0.4640625 0.775 0.20859375 0.1921875
3 0.7453125 0.76015625 0.1734375 0.21328125
3 0.83125 0.56171875 0.11875 0.1328125
3 0.8640625 0.44296875 0.08828125 0.10859375
3 0.69765625 0.49296875 0.11328125 0.11328125
3 0.58515625 0.60703125 0.15234375 0.134375
3 0.25078125 0.66328125 0.19453125 0.165625
3 0.4296875 0.54140625 0.15078125 0.14609375
3 0.55 0.47421875 0.0953125 0.11640625
3 0.60546875 0.43359375 0.08515625 0.07578125
3 0.64453125 0.40234375 0.0734375 0.06796875
3 0.89609375 0.3734375 0.0578125 0.07890625