3 0.85703125 0.63515625 0.28515625 0.16875
3 0.64296875 0.60390625 0.15546875 0.12734375
3 0.7203125 0.53046875 0.06953125 0.06875
3 0.5984375 0.55859375 0.1015625 0.08515625
3 0.55390625 0.52421875 0.06328125 0.06484375
2 0.63984375 0.4890625 0.08671875 0.0765625
3 0.11015625 0.55546875 0.14453125 0.134375
3 0.234375 0.6328125 0.24453125 0.15234375
3 0.3890625 0.5890625 0.1125 0.10234375
3 0.40546875 0.540625 0.08671875 0.08125
3 0.46328125 0.48203125 0.0328125 0.0375
3 0.409375 0.4828125 0.0375 0.034375