3 0.921875 0.94140625 0.06875 0.0390625
3 0.921875 0.80625 0.05390625 0.0265625
3 0.55546875 0.80390625 0.0625 0.03515625
3 0.5921875 0.75625 0.0578125 0.0328125
3 0.8234375 0.72265625 0.0546875 0.02421875
3 0.72265625 0.6859375 0.05078125 0.03046875
3 0.61484375 0.70546875 0.05390625 0.0296875
3 0.48515625 0.7453125 0.05546875 0.0328125
3 0.4265625 0.69140625 0.0625 0.04296875
3 0.51171875 0.634375 0.05859375 0.0359375
3 0.5859375 0.61875 0.04453125 0.02578125
3 0.33671875 0.6234375 0.04765625 0.03125
3 0.246875 0.5515625 0.04921875 0.0296875
3 0.3703125 0.5234375 0.04765625 0.025
3 0.259375 0.49453125 0.04765625 0.0234375
3 0.39375 0.46328125 0.0515625 0.02421875
3 0.28828125 0.44921875 0.05234375 0.03046875
3 0.19375 0.44296875 0.05625 0.034375
3 0.15 0.36328125 0.04921875 0.02578125
3 0.04765625 0.296875 0.04609375 0.02421875
3 0.77578125 0.496875 0.0625 0.03125
3 0.80078125 0.4609375 0.05390625 0.0265625
3 0.703125 0.45390625 0.053125 0.025
3 0.72265625 0.4125 0.04765625 0.0265625
3 0.6109375 0.39140625 0.04453125 0.0234375
3 0.625 0.36328125 0.0421875 0.02265625
3 0.64296875 0.32265625 0.04296875 0.025
3 0.56875 0.32109375 0.04765625 0.0234375
3 0.475 0.284375 0.04765625 0.0234375
3 0.41640625 0.24375 0.05625 0.02265625
3 0.29375 0.2453125 0.046875 0.02109375
3 0.0359375 0.20703125 0.05234375 0.01796875
3 0.0453125 0.18671875 0.0625 0.01953125