3 0.89921875 0.81171875 0.2015625 0.2765625
3 0.9390625 0.60078125 0.12109375 0.190625
3 0.7140625 0.59765625 0.16328125 0.19375
3 0.590625 0.771875 0.18515625 0.23046875
3 0.4609375 0.92578125 0.203125 0.1484375
3 0.2625 0.81953125 0.1859375 0.23125
3 0.10078125 0.93203125 0.2015625 0.1328125
3 0.08203125 0.6203125 0.1640625 0.24375
3 0.3125 0.38984375 0.165625 0.21171875
3 0.35078125 0.6703125 0.17890625 0.240625
3 0.5125 0.515625 0.15703125 0.17421875
3 0.48671875 0.2671875 0.12421875 0.13984375
3 0.56953125 0.175 0.12421875 0.14921875
3 0.6546875 0.09765625 0.1109375 0.1203125
3 0.64453125 0.353125 0.13125 0.15625
3 0.7765625 0.4609375 0.134375 0.203125
3 0.83984375 0.4046875 0.125 0.165625
3 0.8796875 0.2890625 0.13671875 0.18984375
3 0.9203125 0.24296875 0.10078125 0.1515625
3 0.9796875 0.140625 0.03984375 0.14296875
3 0.6890625 0.2796875 0.11796875 0.15
3 0.74140625 0.2296875 0.10703125 0.16953125
3 0.79453125 0.15 0.1078125 0.13671875
3 0.865625 0.0859375 0.10234375 0.1171875
3 0.69140625 0.05703125 0.0984375 0.1140625
3 0.90390625 0.034375 0.0953125 0.06875
3 0.11640625 0.04296875 0.09375 0.0859375
3 0.03125 0.0828125 0.06171875 0.1140625