3 0.95546875 0.6671875 0.06171875 0.06484375
3 0.85078125 0.66640625 0.05703125 0.06875
3 0.8671875 0.54765625 0.03515625 0.03671875
3 0.91640625 0.54375 0.0328125 0.03984375
3 0.95078125 0.50546875 0.025 0.02421875
3 0.83984375 0.503125 0.025 0.02421875
3 0.84375 0.47890625 0.021875 0.01875
3 0.809375 0.5171875 0.02421875 0.0265625
3 0.7953125 0.4890625 0.02109375 0.025
3 0.77734375 0.47265625 0.01484375 0.01640625
3 0.79453125 0.46484375 0.0171875 0.0171875
3 0.775 0.453125 0.0125 0.01484375
4 0.9546875 0.48203125 0.02578125 0.03828125
4 0.52578125 0.4734375 0.01796875 0.03359375
2 0.653125 0.78359375 0.1890625 0.37109375
2 0.67109375 0.47109375 0.02890625 0.0421875
2 0.690625 0.42890625 0.02421875 0.0296875
2 0.646875 0.39296875 0.01328125 0.01875
2 0.634375 0.38125 0.01015625 0.015625
3 0.23515625 0.7265625 0.090625 0.0796875
3 0.08515625 0.6625 0.0875 0.08203125
3 0.24609375 0.66640625 0.078125 0.05625
3 0.3625 0.61328125 0.05703125 0.0609375
3 0.28515625 0.59609375 0.0546875 0.04375
3 0.325 0.55859375 0.03671875 0.03984375
3 0.49921875 0.55703125 0.03515625 0.0328125
3 0.5828125 0.50546875 0.02109375 0.0234375
3 0.60390625 0.4890625 0.01796875 0.01953125
3 0.62109375 0.4671875 0.01015625 0.0140625
3 0.63125 0.446875 0.0109375 0.0140625
3 0.6328125 0.4734375 0.01953125 0.0296875
3 0.43515625 0.53046875 0.028125 0.03046875
3 0.45703125 0.5171875 0.025 0.02265625
3 0.5015625 0.4921875 0.0203125 0.02734375
3 0.51328125 0.46640625 0.009375 0.01640625
3 0.5421875 0.46328125 0.01171875 0.01484375
3 0.54609375 0.44375 0.01015625 0.0140625
3 0.50390625 0.44296875 0.01171875 0.0125
3 0.51875 0.43515625 0.0109375 0.021875
3 0.53203125 0.4390625 0.00859375 0.015625
3 0.5375 0.43046875 0.00859375 0.01484375
3 0.53203125 0.41328125 0.00859375 0.01640625
3 0.55078125 0.43125 0.00859375 0.0140625