2 0.4671875 0.32734375 0.040625 0.0625
4 0.51953125 0.33359375 0.0546875 0.07890625
4 0.603125 0.3671875 0.05625 0.09140625
2 0.54609375 0.37421875 0.0640625 0.10625
3 0.3640625 0.396875 0.0390625 0.04453125
3 0.62109375 0.40546875 0.0328125 0.04375
4 0.68984375 0.41015625 0.0953125 0.1125
3 0.5671875 0.43359375 0.046875 0.05390625
3 0.30703125 0.43828125 0.0484375 0.05625
3 0.503125 0.46171875 0.05078125 0.07109375
4 0.1578125 0.46015625 0.10625 0.14609375
3 0.5890625 0.48046875 0.053125 0.075
3 0.51640625 0.50703125 0.059375 0.08125
2 0.72890625 0.6046875 0.225 0.33515625
3 0.57109375 0.66328125 0.1015625 0.15625
3 0.9359375 0.728125 0.128125 0.17265625
3 0.63203125 0.9078125 0.1578125 0.184375