3 0.9 0.93671875 0.11171875 0.09609375
3 0.6625 0.77265625 0.04296875 0.0546875
3 0.6546875 0.73046875 0.0359375 0.040625
3 0.2984375 0.94921875 0.059375 0.1015625
3 0.3234375 0.73828125 0.0328125 0.04453125
3 0.3703125 0.72734375 0.03046875 0.04765625
3 0.36875 0.67265625 0.02265625 0.03125
3 0.35390625 0.6390625 0.0171875 0.01953125
3 0.22578125 0.69375 0.025 0.0296875
3 0.25859375 0.62734375 0.0171875 0.02421875
4 0.34140625 0.59921875 0.01875 0.03203125
3 0.359375 0.590625 0.01171875 0.01484375
3 0.509375 0.6203125 0.0140625 0.0171875