4 0.0546875 0.69375 0.09765625 0.13828125
4 0.41640625 0.59921875 0.1078125 0.15859375
3 0.125 0.765625 0.08046875 0.0953125
3 0.21171875 0.77734375 0.07890625 0.08984375
3 0.2109375 0.5546875 0.07734375 0.0859375
3 0.3609375 0.46953125 0.0671875 0.0734375
3 0.56875 0.47578125 0.06796875 0.0828125
3 0.49140625 0.403125 0.0625 0.059375
3 0.46328125 0.2625 0.05625 0.06171875
3 0.63671875 0.15078125 0.053125 0.0515625
3 0.734375 0.33046875 0.06328125 0.07734375
3 0.85546875 0.06171875 0.0421875 0.0453125
3 0.79375 0.0328125 0.0453125 0.04375