3 0.88359375 0.903125 0.07421875 0.0734375
3 0.8515625 0.7796875 0.0671875 0.07109375
3 0.89375 0.55859375 0.07734375 0.10234375
3 0.7453125 0.515625 0.06328125 0.0671875
3 0.8421875 0.43046875 0.06015625 0.0609375
3 0.6890625 0.3453125 0.06875 0.07265625
3 0.76171875 0.29765625 0.0734375 0.0625
3 0.77109375 0.10546875 0.0625 0.05546875
3 0.70859375 0.209375 0.07734375 0.0625
3 0.54765625 0.190625 0.08203125 0.06875
3 0.56953125 0.13828125 0.0734375 0.05703125
3 0.34609375 0.05390625 0.08359375 0.059375
3 0.12265625 0.721875 0.0875 0.096875
3 0.1421875 0.59453125 0.071875 0.0796875
3 0.1484375 0.46328125 0.0625 0.0765625
3 0.096875 0.1890625 0.0640625 0.07109375